5801
8537
4852
10000
7163
8575
4124
8181
10000
5365
3926
7308
10000
8081
8952
9864
9971
2753
9231
9199
3460
6456
8000
8327
5250
10000
5480
8197
5081
10000
2941
6213
8263
10000
3249
10000
423
8647
3915
6589
1340
3653
10000
8017
5889
10000
3973
10000
10000
9259
10000
10000
10000
1983
6698
6609
8767
10000
3438
9434
6020
2095
6067
6600
983
479
10000
6065
4051
5837
6007
6548
486
912
6365
10000
3511
9365
9011
10000
10000
10000
10000
10000
7388
5020
6171
8747
7109
1423
10000
701
1092
10000
2996
3705
4617
10000
4015
10000
10000
10000
7011
3589
9022
9961
9445
1534
429
10000
4085
1626
10000
10000
9563
10000
5770
10000
1766
41
3188
4703
9608
10000
5247
10000
8619
1162
10000
6208
10000
10000
1991
4154
3451
6797
10000
5109
6641
2419
5814
5893
540
6686
10000
8162
10000
9342
10000
5697
10000
815
6341
9617
7674
1521
8400
10000
6889
4690
159
9566
10000
4616
10000
10000
4634
7163
7827
1618
8277
2167
10000
3040
10000
10000
8327
4134
2431
10000
4981
2651
10000
1209
768
5536
10000
1294
10000
8789
5323
1045
10000
8773
9375
7660
2020
10000
10000
10000
4547
7404
9664
3965
8372
528
2093
3024
9109
6732
10000
10000
10000
10000
8127
9241
10000
6873
10000
6775
10000
10000
3307
10000
3735
3815
1033
9322
5441
1112
4493
377
10000
2610
7391
2669
2662
6639
1323
4817
3559
7809
10000
10000
10000
8727
5953
6143
1596
3766
8509
6216
7103
6705
3609
6317
6991
1953
8017
8433
4240
9977
6855
5945
4093
10000
6996
9960
2323
6325
7291
5227
1991
10000
4316
10000
10000
8031
3517
10000
1084
7905
5972
9118
5974
8367
9753
10000
7343
8829
7396
10000
5408
5510
6491
1627
10000
6754
10000
7905
10000
9650
2379
3008
10000
9737
7822
10000
10000
10000
6013
4391
9569
1369
2073
9173
7177
5278
10000
8347
8637
4840
10000
10000
995
1297
5523
6833
10000
3027
10000
4109
6616
10000
10000
760
10000
861
5389
629
3056
9436
6673
2572
2868
489
9053
8565
8483
3790
1424
10000
2577
10000
8955
10000
4813
423
5946
1007
4761
4197
10000
4783
2349
8485
4568
832
8858
9653
10000
2218
10000
7781
7615
10000
9348
8837
1148
5225
1376
4889
1007
9663
8753
5709
10000
10000
2729
1411
1595
5791
10000
2044
791
4456
1439
9458
10000
8519
6269
10000
3320
8085
245
10000
10000
10000
10000
2385
9345
7787
10000
2132
3021
5595
8452
5180
7568
4739
1305
7062
5745
1549
7905
8401
7986
6489
9397
8867
5497
6217
7199
1633
10000
10000
4695
3011
6203
5457
9530
1043
4573
7977
10000
6774
10000
696
991
5361
2665
7369
1814
269
8976
8978
1303
1957
10000
10000
10000
2258
10000
6274
10000
10000
2309
232
8077
6680
8054
10000
2345
7504
4750
263
2195
10000
9863
10000
1065
10000
419
8928
9230
6073
7132
10000
6415
1441
5761
8611
10000
4655
6239
2479
5684
1703
5927
7919
10000
711
9471
3945
2629
5348
1313
7050
3427
3565
3943
10000
10000
8545
776
10000
1479
4795
4022
5767
10000
7553
5573
7309
10000
5054
8963
10000
10000
493
10000
3481
6595
8018
2843
5432
4562
1472
3068
3905
8579
10000
7702
6470
8826
5706
8551
4782
7503
10000
3073
8314
9223
3447
412
3763
7021
857
5720
7140
7202
4669
2329
1541
5300
3163
8955
1592
10000
7903
9330
9443
10000
1852
6239
10000
6802
10000
10000
3395
1159
6058
9721
5011
1353
6039
7038
2775
3469
419
3747
2544
6508
6114
3577
10000
8005
6383
4073
4657
5345
2922
6925
3222
9933
5320
4215
10000
2309
4435
2031
2140
10000
4795
7600
4859
9233
1673
4683
4287
10000
9673
7843
3629
3327
5007
10000
9759
10000
7323
5661
4164
10000
9511
10000
10000
4478
7584
8046
2054
4267
7655
10000
1467
2611
9361
3326
5814
10000
8134
10000
1089
54
10000
2416
8283
3299
3931
5005
9131
7899
9543
3434
2909
7177
10000
2309
10000
10000
1383
10000
5711
10000
9118
151
9211
9891
10000
10000
263
10000
7237
9635
9884
3541
3921
1382
1519
3845
4243
5825
10000
559
7619
4595
4457
5386
10000
10000
10000
7333
7984
5631
10000
1887
100
10000
10000
4497
10000
8299
7751
1678
10000
6463
4975
10000
1376
1736
10000
2129
421
10000
5232
8253
6146
10000
3791
450
2763
10000
10000
7009
4726
2837
3090
2461
5297
9816
801
7065
10000
1730
10000
9017
10000
1824
7281
3115
3969
8093
3232
5235
4495
10000
9032
9467
10000
9717
2378
4633
10000
3736
9932
6868
9955
6209
10000
5608
3180
6607
5520
3254
7549
4440
1768
10000
10000
4831
782
2603
2725
1445
9963
599
8452
3490
10000
1631
3175
9291
10000
4236
3162
6855
10000
2831
3233
10000
3453
6621
1126
9721
780
10000
5723
5759
10000
8142
4885
4981
7587
2237
806
8574
10000
10000
6972
1679
4899
10000
10000
10000
7539
4168
6300
1239
10000
3782
4280
9575
10000
10000
49
9365
4939
6042
8735
4254
4307
5865
2999
6236
3249
9835
6818
5899
10000
7983
9347
8565
1256
9742
393
805
10000
2724
837
6582
4286
5669
3515
903
4041
816
10000
1671
9547
4368
10000
5319
6220
10000
31
10000
10000
1216
3098
297
10000
2481
7691
10000
3695
8407
4099
154
10000
1259
8931
1007
8931
10000
3705
2806
10000
3249
10000
10000
9115
2226
2242
5371
10000
5147
7713
10000
9564
8561
5719
3341
285
9731
7773
7479
6572
8821
5560
4965
3151
7813
5993
2352
10000
6371
10000
5114
10000
8303
10000
10000
9294
7783
6633
3299
5868
1166
9413
10000
4925
894
4729
9864
10000
10000
2990
9246
389
2673
1235
1603
10000
10000
8171
9869
2115
5686
10000
10000
5537
7562
515
9205
9203
10000
2573
5547
2804
5271
10000
6891
9321
1007
2414
3275
8225
9048
10000
3851
8283
10000
4200
10000
10000
2787
10000
8041
3097
5656
6837
10000
7717
5871
1260
10000
4141
10000
10000
10000
509
8666
6534
6667
4391
7595
306
5120
10000
2754
180
1927
3447
5143
2314
10000
10000
201
5769
10000
413
6897
8699
9521
3175
702
8507
9310
10000
6243
2785
5569
10000
9174
35
8033
9755
10000
10000
8893
10000
5748
2709
4677
8093
10000
2955
10000
8230
1785
8523
7695
4607
3713
10000
7448
4134
6429
8309
8093
841
9206
6923
439
1295
10000
8300
4900
7324
1767
2058
9259
7095
4011
7777
839
4519
1819
4588
9833
4853
3387
6331
4811
8749
3905
896
6462
6672
9402
1901
10000
10000
829
10000
3643
415
3089
4173
6032
10000
3019
17
4439
3122
6713
10000
4117
4115
8165
3583
8733
10000
4572
8507
5307
7949
10000
698
4401
3545
8007
9030
707
2001
3147
174
1220
10000
5097
10000
7076
5099
8759
7227
9474
253
10000
6849
9004
317
5507
2063
3506
3843
3509
1911
10000
10000
10000
10000
10000
6383
10000
9699
1145
4375
10000
973
4917
5710
1965
9363
6661
6488
6310
6337
10000
853
10000
6564
1875
6310
9037
10000
2738
4105
7407
10000
3444
10000
2674
9784
4443
4351
10000
10000
10000
10000
10000
10000
7987
2111
10000
9659
5966
229
10000
2143
10000
4067
1075
841
6655
5059
8609
5587
10000
9471
4275
9037
1776
10000
2022
135
5571
6305
9307
9879
10000
2575
6534
10000
9918
6383
4015
9543
2343
9285
1634
2911
9407
8173
10000
3886
112
9502
1867
9979
5923
918
3677
10000
10000
10000
386
1239
6535
5179
6038
4500
6798
8816
395
4331
4369
7649
10000
10000
10000
10000
10000
9339
3492
3039
242
5495
1413
8768
8035
1629
10000
10000
7231
884
2027
10000
4189
7669
1638
10000
10000
5741
10000
6117
2621
10000
8726
10000
10000
2429
10000
8578
2072
10000
9852
10000
10000
3943
9680
3438
684
10000
2413
1820
700
6237
10000
3176
9241
7819
1553
8179
3125
4774
9560
10000
9397
8251
8642
7950
1298
8412
2133
10000
6817
8590
2964
1857
10000
3304
10000
1305
2583
10000
3637
10000
2693
701
6484
2151
10000
7303
9255
592
3341
5980
5973
2978
4859
1731
3581
3743
2324
1089
7987
7738
10000
3245
9007
4711
10000
10000
4061
1916
10000
3899
7617
4257
10000
1695
4675
1503
9633
3491
10000
10000
8512
5651
2689
5773
231
3555
6620
9165
10000
10000
7069
8099
8763
10000
7858
5316
7379
10000
1753
537
9568
3465
10000
262
2525
10000
10000
2009
10000
7514
10000
6011
587
8284
10000
6891
3839
10000
9037
8321
321
6718
1673
5362
4834
10000
3523
10000
8823
2901
2456
10000
8754
10000
5502
1933
6912
4871
2948
3403
10000
6351
10000
10000
7597
5326
1132
3781
2456
1863
8608
7921
5385
5513
9299
2807
4002
4258
3757
10000
3050
6549
8352
4065
3626
5263
10000
4013
3569
10000
10000
5945
7872
8965
1889
7073
3333
10000
8584
1244
367
10000
8239
8403
4597
174
1589
7606
9983
303
5141
8338
3397
1379
9210
9577
3363
971
4901
6937
10000
10000
7532
995
2683
6910
3680
3631
160
9362
4778
5715
4479
3522
849
7496
10000
10000
9950
369
3532
10000
5742
9973
3782
1027
8034
2151
3033
5515
4291
3132
10000
3865
9771
5579
7299
2104
1791
4795
10000
2280
6340
43
105
10000
6115
3766
8951
10000
6637
4119
1355
10000
8221
7551
9917
5234
3179
6194
9364
2726
2341
2684
4480
4149
9865
8084
1678
8704
5525
5591
4123
10000
10000
7500
7807
7417
10000
825
2504
8422
5177
9365
10000
3257
5231
6521
10000
3398
4881
10000
10000
6490
4457
10000
3405
5383
5177
1689
10000
9793
241
8524
10000
3046
10000
8054
7907
6123
10000
10000
4115
10000
4248
4160
887
7407
6152
9141
10000
10000
5149
3663
10000
9339
2212
3451
6825
10000
2465
1136
4203
10000
1971
10000
10000
8113
8163
10000
9354
10000
9314
10000
10000
9473
6517
3663
7427
9053
1259
10000
5069
2671
2297
9787
2686
8455
10000
10000
741
5156
10000
7917
587
2935
9066
1637
10000
7205
10000
929
8967
8743
4474
10000
4781
1562
10000
9105
3411
185
7903
8243
6630
5421
6187
10000
9964
3622
10000
133
4695
911
6121
2544
10000
6222
3804
2795
8203
3220
10000
477
4151
3591
987
2803
1957
5241
10000
8405
9646
7437
5231
3043
4947
10000
8520
7792
1373
1173
10000
5189
10000
1685
1857
9407
2204
4382
4112
10000
10000
2827
9034
10000
6655
6491
4867
10000
7456
10000
9121
3018
3685
5855
3486
8375
5735
6025
3839
89
7283
4323
10000
10000
4923
2897
1049
9807
2445
816
10000
1995
10000
10000
10000
9977
7973
5617
7323
1833
10000
9021
4126
535
10000
3261
2036
5938
10000
7214
4718
10000
7057
10000
2251
4807
1802
7149
1212
8635
8587
961
5637
8251
10000
245
10000
3950
6571
188
10000
6380
7207
4161
6775
8617
7148
10000
10000
4473
7319
10000
9250
6677
10000
9519
10000
4166
10000
9960
9369
2104
4910
10000
2124
7317
3701
2739
9492
2519
73
6181
3455
8266
8707
10000
1784
10000
10000
5643
6211
10000
7250
589
3139
3636
4053
10000
10000
9778
391
4753
3859
2643
10000
8381
7655
2301
1322
3308
10000
3883
10000
2826
2371
8201
2596
4794
3108
3311
1453
2265
10000
3985
10000
2750
9285
10000
299
7221
7920
10000
6605
4472
10000
4271
8963
3732
2416
9597
5327
10000
2925
7066
2977
1049
2347
1641
10000
7149
2663
10000
9348
8649
2523
10000
10000
2875
2753
9509
286
7494
1233
10000
3874
5141
10000
537
8183
10000
8976
3201
10000
10000
7391
1175
5691
5318
7370
1598
2931
5037
737
9797
8356
2293
1590
10000
6699
3681
9690
6795
2033
3803
10000
1389
10000
9975
2301
5719
10000
4699
4893
2952
4140
1241
10000
10000
10000
6923
1309
10000
167
99
1366
3436
8580
6853
10000
7553
8924
4293
8185
510
7347
10000
10000
4086
2705
4063
3662
1273
6717
10000
2572
10000
7955
10000
5406
5776
265
1144
4285
3574
10000
3774
5502
821
1897
3738
10000
10000
9749
6895
6514
9545
10000
5095
627
3630
1414
3781
6968
3430
10000
7745
347
7454
7488
3465
8647
10000
6883
9214
1117
8413
3400
4669
8649
3221
3965
3199
9397
3375
1529
4408
4973
3413
2739
10000
2691
4709
6803
6139
4397
10000
4559
10000
10000
10000
2837
10000
6489
9664
75
1339
7588
8131
5503
10000
7814
3897
7843
3930
1907
8941
1447
9758
10000
7088
10000
374
4861
1333
1223
1703
10000
2944
5719
3110
2413
7237
628
5118
5636
34
1915
10000
3287
7325
5605
1978
7321
3816
10000
89
1723
118
4849
10000
780
2992
10000
3396
136
1712
5368
8273
1553
3930
5249
10000
5758
10000
7355
10000
4249
10000
5598
2639
6251
4011
3672
8681
10000
10000
2500
10000
1663
4909
10000
10000
6283
10000
4650
10000
7963
4063
2787
9412
10000
4770
1547
2934
7776
1109
8480
8689
4695
10000
9888
10000
293
4202
10000
3809
3933
10000
7097
2341
3760
8944
3373
2848
6869
8612
9209
9446
6740
9724
5072
3627
2101
6879
3779
10000
5451
2077
1984
10000
3295
2678
10000
3779
9183
4776
10000
10000
1144
7820
5259
9611
5573
4527
8357
10000
3158
6699
4979
10000
903
7186
10000
3093
6431
1551
943
2925
3272
10000
7052
9742
5089
211
3726
927
5942
10000
7160
1249
4828
6901
10000
10000
4365
10000
10000
889
3471
10000
10000
6565
5812
10000
10000
10000
8467
3637
10000
2899
10000
10000
4672
7279
10000
10000
10000
10000
7723
8185
10000
6736
9995
10000
1576
1621
2025
10000
2483
8971
9023
10000
10000
709
10000
2183
4741
3085
2813
1938
9646
4059
4712
2095
5779
10000
2440
3693
2959
9947
4705
339
6079
9529
1389
1622
10000
10000
9316
4521
4008
10000
1730
5657
7081
10000
1731
10000
10000
5373
7556
4027
10000
7437
9225
7791
2843
2166
3075
8265
4845
6245
3320
8105
745
2535
10000
6969
4192
10000
10000
6097
7845
6126
6137
4923
10000
1037
10000
9247
7539
2029
4097
10000
2379
2644
2297
6937
9863
5908
9513
5044
641
10000
3019
10000
7003
7443
10000
7256
3317
1565
1765
383
1412
8531
5422
10000
2335
10000
2135
4900
6513
6180
4781
123
8328
1198
4422
8229
7168
6230
4967
10000
8423
7484
4351
2666
2427
10000
4495
1973
2659
6491
3747
3545
10000
6359
493
1631
10000
2487
3677
886
7481
10000
4111
9704
3913
10000
6866
10000
10000
1953
6347
3761
5161
4531
3353
2634
10000
10000
1163
3841
721
8561
5659
10000
6955
2827
7469
10000
10000
7261
4919
5639
561
7915
9527
4055
10000
5867
8017
1267
4872
10000
8859
8880
2345
4212
10000
3185
7847
1275
10000
9119
10000
5694
10000
2635
6973
2688
484
7465
5677
9287
3601
10000
3508
1258
4790
1871
706
7205
8023
4554
6318
359
10000
10000
10000
9740
9124
10000
7741
4885
9739
1617
3872
3045
10000
6115
6180
142
4611
8583
7037
4562
7159
10000
2032
3829
8667
10000
615
4975
10000
10000
631
450
5390
1180
4216
4695
2663
10000
9721
2285
356
10000
1919
1683
1725
5409
6077
10000
815
5531
2529
1808
2055
6196
10000
8886
3998
10000
219
2017
4557
5389
9703
6697
5289
6383
10000
4470
673
5448
10000
4961
9247
8153
2273
1285
325
2604
6344
4965
953
594
2905
2878
2911
7787
2819
10000
2317
3237
9169
2725
2468
7681
979
10000
7005
10000
3827
1180
8279
2116
9502
9433
865
3501
10000
4444
5143
7449
7180
1718
5048
9597
3415
5164
10000
3781
7270
163
10000
14
7331
10000
10000
2013
5670
5789
7182
1691
7617
6285
4205
10000
3697
8920
4963
10000
2149
10000
7851
4187
9641
3025
10000
3507
9447
5779
1579
7074
10000
10000
10000
348
3444
7581
1933
2357
10000
10000
10000
10000
2172
10000
10000
8947
2357
10000
10000
5960
418
3803
8708
8925
7121
5791
10000
10000
2117
464
2074
4143
171
7231
10000
3751
9465
8214
1462
6298
4083
10000
6865
5718
10000
3669
4309
10000
1531
2068
457
5437
10000
3693
9928
8125
10000
8357
10000
8231
9403
2977
8555
2227
8167
3415
6383
7436
7166
10000
10000
8406
1175
10000
10000
2986
5435
1039
1237
10000
7937
10000
10000
9402
1503
8924
4258
9362
4059
7318
7369
5626
6359
8815
4932
1089
354
10000
7991
3984
2316
8759
10000
4828
1055
3530
1095
8323
3473
8156
4635
2947
10000
8329
2726
9157
5919
9792
9121
9607
10000
2071
1460
10000
463
7301
2545
10000
10000
1225
10000
3341
10000
6309
4522
5867
905
5375
5978
3907
1654
3841
3657
10000
10000
10000
1431
10000
1951
5713
8274
4230
5965
5560
888
6130
3151
5388
9061
10000
7683
8755
1798
10000
6063
8084
5741
1837
10000
5814
3052
10000
10000
1085
4951
5843
7411
8404
7259
10000
9663
10000
7634
10000
3391
10000
2894
4175
6404
2891
3268
1993
1113
8137
5370
5255
8014
1608
10000
7333
8647
10000
10000
10000
8347
6705
1909
9687
2735
448
7081
1064
6142
10000
10000
8749
5430
7679
2130
35
3578
9723
10000
6512
2943
6531
407
6817
6322
2312
7252
927
8893
9711
2849
7847
8577
10000
2733
4971
10000
4652
5957
8530
6479
3187
3926
10000
4187
5791
6493
6002
7357
3427
9053
9824
10000
3125
956
155
5558
10000
10000
971
10000
788
9123
1487
10000
10000
6616
10000
2423
10000
10000
3545
10000
6901
9719
9155
3637
709
9597
4363
2042
10000
5977
6746
5697
10000
10000
1177
3524
7779
188
9259
10000
161
2426
10000
5882
8143
10000
10000
3759
3965
10000
7837
10000
9419
404
10000
2657
8506
1425
9641
10000
7702
10000
10000
10000
1965
4334
2554
6657
49
1421
10000
4694
833
7793
8031
8251
10000
5044
7614
6662
2455
815
10000
10000
6025
4325
8966
6093
10000
1319
10000
7049
8557
10000
1586
943
6275
3057
5423
10000
1313
3643
5013
5129
9787
9096
9309
7051
10000
10000
10000
2222
7749
2884
7773
9537
6951
7785
9767
7323
1441
8815
10000
10000
5603
3761
3253
10000
7956
10000
10000
5395
8307
7370
7089
10000
5452
1789
1145
10000
2959
3263
7687
7271
4395
3232
10000
7579
7069
5699
2661
10000
10000
4795
913
1531
4563
3872
1076
6945
7687
1594
835
10000
5440
9196
8704
7679
6347
5511
5617
10000
3080
10000
4765
9674
4812
10000
5943
9614
7171
8604
123
4473
9408
3990
8038
633
5385
9135
6776
10000
240
10000
1843
6173
7265
10000
10000
1464
10000
1747
3199
8359
10000
7814
10000
6679
8457
397
221
6781
10000
4374
1009
3087
8614
9319
10000
5275
8530
10000
9065
5481
8309
10000
10000
10000
5233
7391
10000
6079
5967
3592
8585
3409
5759
4803
10000
2718
10000
7367
9934
686
6500
6149
10000
6323
9213
10000
6367
10000
699
8876
6814
10000
2065
1651
487
6491
9051
10000
8579
287
7569
3497
5684
2507
6405
1006
10000
1105
5063
2967
2327
10000
10000
6303
8931
9774
3636
4851
10000
10000
5421
5411
1935
9869
3638
2974
7950
55
10000
9094
1505
7382
4273
3381
6463
3267
2222
10000
7670
4019
3797
7569
10000
10000
2706
6297
9548
5205
2068
918
10000
9829
4439
2943
6733
10000
10000
5363
10000
10000
10000
7485
3206
6617
890
5447
2771
10000
10000
4514
4038
5522
10000
10000
6841
10000
989
10000
5121
722
4714
3751
5138
5077
10000
7505
5315
9621
10000
9935
10000
10000
10000
3556
3417
10000
3638
4478
2539
397
1677
2908
2015
2683
3475
3867
8623
6694
10000
10000
2019
10000
7150
8617
4331
6185
10000
3523
5963
3507
10000
6892
10000
10000
10000
10000
10000
10000
1875
1654
10000
661
1761
4827
3687
7034
4203
124
3361
10000
7560
2732
4291
6169
10000
1189
10000
10000
7704
10000
10000
6254
7725
453
9113
603
10000
5813
1438
491
5680
853
5603
6524
609
2453
7485
7516
3366
247
9681
4802
10000
7625
6239
6793
3205
10000
6680
7628
237
3396
591
4721
9165
5530
7111
382
3344
4338
10000
9894
10000
7619
7915
10000
2541
1101
6670
5893
481
9407
4769
5321
2776
8047
3307
527
2801
9612
10000
10000
2261
8013
7844
10000
4957
8435
8955
10000
3739
7585
10000
6085
10000
8147
2399
5932
10000
1279
8277
10000
234
2031
10000
10000
8517
6327
10000
643
10000
4759
10000
4523
10000
8083
10000
10000
1609
10000
6098
390
10000
4067
774
10000
3443
8696
9159
1505
1176
7290
10000
8631
1238
4445
10000
10000
10000
10000
4003
5383
2335
10000
3379
3555
10000
10000
5123
1245
2906
401
5814
3326
5515
2647
2975
10000
1086
4216
6418
9639
2503
317
10000
7262
4116
2863
1807
8853
2553
3777
10000
2537
10000
5378
10000
7025
3865
4038
10000
10000
749
5409
10000
1421
10000
10000
1609
6757
7991
3814
10000
182
8122
5719
10000
8065
7777
7194
5079
4553
6538
3385
3692
2733
6202
9546
10000
9683
2621
5634
10000
3532
10000
6065
8677
1395
5042
9923
7407
873
2529
10000
3787
837
10000
7892
6691
7252
10000
3801
1877
4873
1091
4754
3128
1927
1777
2706
8467
9890
2469
10000
10000
10000
160
2235
1503
405
699
2773
3320
1031
3850
7921
2437
6303
4723
7377
5404
10000
10000
4443
10000
10000
10000
6665
751
7209
6298
8110
1506
4896
961
4928
3751
8961
1923
10000
1009
10000
10000
6870
5798
4135
3512
5115
1730
10000
7509
5014
10000
1495
8721
9371
5904
3785
10000
10000
5451
10000
10000
10000
8220
2408
5402
549
4874
10000
1137
10000
163
10000
3882
4740
5534
5515
2558
10000
7799
7503
1317
1090
10000
4042
1645
9361
2293
4735
4935
2200
5155
10000
10000
711
7347
9585
7807
3843
2619
10000
9231
7946
1279
527
10000
5484
2153
8789
6485
4211
2755
8221
929
10000
2199
4359
3483
2205
5186
7179
6693
2103
10000
5139
10000
10000
10000
1144
10000
4663
8264
649
4379
5335
2889
6063
7299
4825
10000
4078
1252
8913
4218
1885
7086
3240
2878
2673
3361
10000
10000
6795
10000
3225
5154
2740
10000
10000
4908
10000
3545
1177
8059
10000
7563
5961
7084
1959
409
9630
2999
3189
6743
10000
3265
8319
9469
10000
10000
8990
948
7921
3823
9662
10000
10000
645
3912
7324
10000
5165
4048
2228
10000
10000
1662
5589
10000
5024
10000
1107
443
1597
3458
148
10000
5769
10000
10000
337
4993
4901
1553
4958
4151
8779
4037
10000
965
3417
10000
10000
10000
10000
49
10000
10000
4417
914
4437
10000
10000
5335
2771
10000
9801
7320
10000
10000
3668
2589
9387
8173
9925
10000
7800
10000
7059
10000
9069
1812
6293
9952
10000
2387
7898
5852
4531
3595
3683
5197
10000
10000
1396
10000
10000
2284
5137
4863
10000
4608
10000
10000
10000
4428
4201
10000
10000
10000
4882
7645
7513
5156
10000
3384
5353
1760
10000
10000
4483
7392
1813
8169
2323
10000
23
10000
1278
10000
1803
10000
3377
1449
4834
10000
1857
2551
8375
7315
7777
5485
169
2483
6173
1387
8818
7109
4752
7217
5609
10000
6957
10000
642
10000
3069
9403
5778
8398
7529
7108
9241
5284
10000
10000
4751
2927
8277
6818
2941
10000
4578
5686
8083
9421
9726
10000
10000
8925
10000
9937
4155
8622
5463
4930
10000
6473
278
7462
5237
1186
10000
7967
10000
10000
10000
6951
8244
7631
9468
9444
6526
10000
5422
10000
10000
10000
3267
385
4291
8251
4827
4863
10000
6961
1893
7582
4441
2727
4779
6958
2041
3597
5055
80
10000
9941
5017
9863
5887
3202
10000
6915
10000
9951
2711
10000
2896
10000
9345
1870
10000
8782
7433
10000
5462
2679
8596
9224
2913
2131
453
5501
7400
10000
10000
10000
4731
6293
5423
4589
7176
6307
10000
8073
7759
5216
10000
8155
7243
7163
3887
10000
10000
4295
10000
6337
10000
10000
8118
1564
5967
10000
2531
2491
3812
6017
4410
4163
10000
3872
5933
3589
3782
10000
10000
7731
10000
10000
5831
10000
8243
7278
6813
8221
3552
5438
7739
5624
4205
3545
7487
5754
7266
4107
2445
3299
10000
6236
4639
3950
5459
3844
8102
5216
5254
3996
5797
6440
7721
10000
2147
10000
5973
10000
9447
1788
7229
4128
5684
10000
5915
1646
3691
6859
1217
7577
6945
47
4484
2375
10000
10000
6231
10000
3735
5711
1327
7733
10000
141
10000
10000
6640
10000
1839
4071
5588
7601
10000
8557
10000
9131
9120
10000
8948
6738
10000
10000
1367
10000
1409
1464
5869
10000
7833
10000
10000
2583
1219
10000
8150
1903
5923
255
10000
8659
8159
10000
10000
7996
10000
4856
6546
6366
10000
1239
4893
8405
10000
7197
698
10000
16
973
2771
10000
10000
1092
1472
6609
2877
1147
4905
8357
10000
6597
10000
7772
7694
10000
10000
6896
10000
9706
2611
6236
5625
8917
245
1466
1759
2241
823
6711
1223
9834
8167
9041
7934
2473
4285
4767
3745
1399
7673
9615
10000
1937
5263
9858
10000
5102
7353
7715
4527
8401
10000
306
7230
1100
10000
10000
10000
727
9991
2046
1950
8157
10000
10000
7856
10000
9990
10000
3365
7941
5287
4277
721
3867
130
321
2113
1246
6829
6691
5005
976
10000
3837
9486
8354
10000
10000
4512
4923
9580
10000
1891
8900
9557
1331
3104
10000
3229
4135
10000
10000
371
4971
10000
5816
6870
7355
10000
10000
2895
6032
10000
10000
735
3334
4791
1610
3656
3589
5224
947
3841
6831
10000
9455
1053
7005
8735
3077
10000
10000
851
10000
4156
10000
6149
9294
311
3004
6428
10000
6733
7971
10000
4611
10000
7731
973
10000
8761
10000
6369
1811
2358
1965
3942
9699
112
10000
9657
10000
2102
3137
10000
8612
10000
3561
10000
2235
10000
6939
6670
10000
10000
1109
1485
10000
2348
6853
38
8645
10000
3130
7705
423
10000
8013
8944
10000
10000
7741
10000
7362
7099
9104
664
5368
10000
10000
4048
10000
4849
6546
10000
2655
4945
2081
8012
10000
7685
10000
6961
5641
10000
6855
6099
2243
9472
7111
10000
7037
581
3001
4221
10000
2085
3460
2398
10000
10000
10000
935
9397
10000
8455
5672
10000
847
9617
7175
3659
5888
10000
10000
10000
2323
10000
7673
753
1309
9721
8207
3466
8857
4536
4362
5853
10000
6792
9508
8014
8679
10000
1383
10000
1417
491
3469
3135
6105
10000
8325
10000
1685
7247
10000
1113
7076
10000
4499
4381
10000
1409
3511
10000
6827
10000
2263
4210
150
5309
10000
1955
255
10000
1767
1096
1012
4321
10000
4020
10000
9245
2456
10000
9835
5847
5976
10000
9252
55
1557
6596
2052
3640
7358
9961
10000
839
6681
3203
1925
5970
847
10000
7041
239
9619
2773
313
2505
8887
10000
9081
10000
7351
7691
2219
4837
5637
1112
10000
10000
589
4472
4109
7992
7664
9753
7420
8086
182
10000
3055
5262
10000
379
9981
5471
10000
727
10000
3167
3965
2143
7836
1465
7826
4713
10000
10000
10000
8663
5284
531
3879
4000
3911
673
1687
8679
8053
8519
147
8656
8591
3039
7302
7746
10000
8026
10000
5733
2185
6817
1459
9935
5616
491
10000
10000
2939
2265
10000
2536
347
5913
10000
3752
5004
7122
5871
10000
10000
10000
3056
1689
7390
10000
791
10000
10000
10000
10000
10000
855
1802
7685
10000
3499
10000
8660
10000
5919
5943
10000
6532
6679
2798
10000
10000
10000
7375
5201
9805
5441
2321
10000
5440
4112
6507
6617
160
10000
9919
10000
383
2960
9309
10000
6621
1590
1124
9566
1192
10000
4509
6830
3450
1078
9337
137
5155
5365
262
4862
8078
10000
6905
2197
9628
10000
9597
1045
632
10000
6929
9336
6163
2709
1791
4695
388
8506
10000
255
10000
10000
10000
6486
9705
6835
619
3369
4946
43
9475
2502
10000
8413
7943
6607
8685
10000
10000
8087
8058
1658
3990
6013
3280
8949
3788
5239
10000
1113
8845
9569
7947
8904
2715
259
1797
671
1363
8887
1437
9993
7813
7261
8642
8083
10000
2950
9625
8118
8759
7789
2523
10000
10000
10000
7462
2323
2549
1336
825
5272
10000
7328
9335
10000
7713
8606
5167
6207
8993
3315
10000
4120
5981
601
5387
10000
9945
2995
10000
10000
10000
8849
7542
2927
10000
348
4056
2211
7879
470
6659
9522
10000
10000
8199
2803
10000
3890
10000
2503
4957
381
4587
10000
9238
10000
10000
10000
7533
10000
1645
5662
5407
7031
3284
403
5619
6475
7482
8404
6379
4938
4441
5436
7831
4425
8430
1010
9431
5039
2812
2918
10000
10000
3818
1299
10000
2680
2808
10000
6607
6240
10000
5169
10000
5713
5301
5389
10000
6999
7935
10000
3313
8641
2773
7207
131
7642
3
9786
6918
7542
3391
1329
6364
9123
3613
7388
3143
10000
7565
10000
5559
5825
10000
2235
9779
2677
7708
901
9772
9055
3118
9156
4729
10000
5692
10000
4467
10000
10000
246
523
4001
67
10000
8567
2029
10000
8058
3491
9649
10000
5042
10000
10000
9151
3217
2808
10000
447
10000
2979
4625
4405
8649
10000
10000
9471
10000
4768
1205
1398
2659
1632
8403
10000
8385
3765
10000
4213
669
1499
10000
10000
6798
10000
612
2346
10000
411
4287
3105
10000
6910
8456
1403
865
5481
293
2160
3838
1152
8879
10000
1270
3515
3703
10000
1441
1640
5161
10000
10000
10000
3087
4184
3917
3667
3951
5545
6019
10000
3674
4147
5865
10000
4725
1437
10000
7582
6530
5299
208
10000
1423
10000
10000
947
1668
5120
7794
4373
10000
1595
3208
3485
2537
382
8992
10000
7014
3177
9579
6150
2030
3723
4707
2819
8891
1688
7409
2607
360
7347
479
7399
5653
9675
10000
7885
6596
8141
1767
4945
5767
3232
10000
3847
10000
3395
10000
9228
5857
7467
7475
10000
7664
3511
920
1774
6393
15
3418
2570
10000
10000
8013
6213
6731
3215
81
7277
3008
10000
261
1077
9462
719
9521
5689
4320
10000
9949
10000
1279
2435
2239
3032
3125
8737
6312
4107
566
2371
6651
1949
4685
5067
7115
6217
10000
10000
5937
10000
10000
2196
10000
8499
3404
9333
171
3427
2984
4759
4626
5591
3779
2269
10000
8175
4509
1231
10000
10000
5807
10000
4169
9375
3521
6937
6248
5391
8819
6411
4915
758
10000
10000
9791
8395
6263
4175
4738
4723
994
2449
10000
6144
10000
7071
9383
6324
10000
6265
9383
10
2227
2762
10000
10000
670
7114
3008
6567
10000
7275
10000
1029
9074
689
6951
7609
3833
7293
2052
10000
10000
10000
6040
5456
2481
5537
10000
10000
10000
10000
10000
5475
3873
10000
8585
8492
10000
10000
10000
10000
10000
8272
10000
2627
10000
391
8916
10000
10000
1343
975
3052
1007
10000
10000
6186
5833
6722
10000
2771
4326
7960
9802
748
4938
2687
8777
10000
307
4473
3002
10000
8365
10000
10000
744
2927
1519
5988
8567
2672
10000
3777
10000
2675
10000
865
528
4140
7
10000
6797
3081
1657
2002
1797
10000
10000
3626
10000
1045
10000
2765
1303
10000
6166
7251
3141
1043
1175
9163
5677
3342
9954
9056
5785
4861
5071
1625
6422
10000
10000
9301
10000
1719
9161
8101
10000
7679
5877
7682
9467
3152
9559
5673
3052
3923
7112
7506
10000
10000
10000
8735
3433
9983
520
7812
3303
4098
429
2127
10000
2773
4766
707
10000
7434
755
2985
6681
10000
3802
7655
9005
703
1793
10000
1994
7345
6977
3035
10000
10000
5463
3609
10000
9141
10000
10000
360
9360
6445
10000
3305
10000
5556
1137
10000
10000
291
1981
7074
9551
2791
1320
5309
4509
10000
4715
564
7777
10000
2397
8109
4307
1444
2203
7744
3967
4469
3975
10000
9496
6861
7541
3824
10000
10000
10000
7400
10000
9061
6879
6269
8617
10000
239
2836
3004
6542
4233
3519
9000
6231
2085
2526
6261
3329
10000
402
8129
9418
10000
9502
10000
6857
8579
3207
10000
10000
7849
3610
769
8635
5820
4106
10000
10000
4947
7783
10000
2142
10000
10000
7143
9239
2995
8535
799
6146
10000
5913
10000
245
6813
10000
10000
7117
6109
4039
509
10000
4025
1523
2335
358
687
1492
3995
5928
6159
6859
7735
6576
3727
972
10000
9471
4337
4028
5609
9737
4241
10000
9819
5754
2327
8660
6667
527
9748
1503
10000
2331
2697
1401
2049
8867
1257
3073
9580
9353
1427
3213
7108
8637
8129
7945
623
10000
10000
1252
9526
1799
6880
10000
2421
10000
4195
9584
8381
10000
10000
8881
8327
1360
228
3518
5415
9979
2059
9021
2164
8601
10000
1647
2077
10000
2449
10000
3170
10000
6912
8278
7605
4541
9917
6217
10000
4773
2693
9244
8953
9307
5257
3675
7267
10000
1883
3970
561
10000
10000
4397
3031
2789
9817
2194
5705
2064
8424
4732
6315
1223
10000
9665
6801
1067
6598
1679
4972
1951
4837
2916
5374
10000
10000
9059
10000
5765
10000
365
6347
10000
10000
4731
4853
3079
2610
8865
5647
10000
2257
9933
2527
10000
4011
8205
9049
9426
2869
5523
4676
520
3803
8301
5389
1973
2351
8256
4700
9108
5145
6527
4383
10000
1523
10000
9047
10000
7871
6968
10000
1291
10000
2725
6257
539
10000
7997
9079
7767
10000
10000
8354
7645
7630
983
8117
3249
5895
6669
10000
10000
9487
10000
973
1943
3743
9409
6665
4905
10000
5648
10000
9341
4859
10000
8645
2553
9103
5079
8869
1149
10000
10000
193
10000
1167
9985
10000
9443
10000
2679
1746
7178
1093
164
7837
4439
2269
10000
10000
6846
10000
7324
3141
8893
2806
10000
1640
3137
10000
8443
10000
9441
10000
1075
8709
8543
4239
10000
5351
403
5405
7374
5473
6972
6533
5307
3991
10000
3071
529
6811
4467
7797
6573
2906
1202
5130
5598
9285
1811
3371
7025
6173
10000
10000
4143
4889
9061
3498
8737
10000
4857
8966
8503
9166
9903
10000
3719
10000
1689
3510
489
9749
9040
8015
6633
3837
8006
9287
9683
10000
8127
8281
3906
9861
4277
10000
3752
10000
10000
10000
6397
4853
10000
750
8249
4779
429
3821
5663
2713
10000
7347
4297
9518
6715
2952
1835
1961
6130
3282
10000
10000
8753
3518
2081
6819
10000
4072
10000
10000
2911
10000
5308
749
10000
9396
4915
10000
4949
10000
10000
1735
1077
467
7876
10000
9697
9841
851
6471
1137
4451
1091
7041
3353
10000
8346
9378
9739
7204
10000
10000
7483
4147
6199
5601
6042
7885
5847
9287
10000
2191
8793
315
3793
1042
9681
8070
6151
10000
3483
2525
10000
6391
9717
7839
10000
10000
10000
10000
2863
9151
2165
5520
1391
10000
1783
10000
9687
7297
351
10000
2581
10000
1405
7962
7435
7449
4026
4348
2304
10000
4076
10000
10000
4917
10000
9815
9569
10000
2071
5526
6727
2724
6016
1586
10000
10000
3790
7033
10000
10000
137
10000
8069
10000
10000
4154
3567
1319
528
5419
3372
9720
1651
6706
4757
9991
4937
10000
5848
10000
6771
8609
10000
8435
233
5707
10000
10000
7207
7144
1154
10000
9831
9925
10000
8306
9788
9126
4094
9806
1873
9105
2967
6061
1648
5696
1993
10000
10000
4563
7095
1731
10000
5983
3111
10000
7427
10000
10000
10000
9889
1806
5142
8216
7219
828
9499
6963
857
3622
2519
9853
10000
4350
5835
3675
10000
10000
2586
9259
990
124
10000
5455
8624
4505
10000
671
3349
6197
10000
9082
1621
3114
10000
10000
4319
4056
4600
884
10000
8571
10000
912
4610
10000
1404
10000
10000
9149
7496
1934
9754
9786
10000
2681
6819
913
3013
7851
9888
10000
2107
5571
9907
10000
5997
8105
4300
270
10000
2969
5445
3206
2569
9849
10000
2282
10000
3821
6057
8651
9105
6672
7915
4400
2406
3565
758
9904
3837
10000
10000
7199
10000
1705
3196
1501
633
10000
2710
1907
7675
9550
4673
10000
10000
10000
1739
7647
8891
10000
10000
7935
10000
7677
1896
47
10000
323
683
10000
2999
2111
3138
7907
6869
7467
5418
10000
10000
4123
8995
3217
9041
7743
2492
401
6018
4755
4903
4941
10000
2421
154
437
9715
8087
217
6719
10000
7307
10000
4408
2846
1369
8853
3479
805
1766
93
10000
8279
2249
9292
5940
2955
7829
10000
4799
10000
10000
3397
4353
10000
584
1247
9713
8609
10000
4540
993
1275
10000
4681
4491
3171
10000
4843
2005
4919
505
3964
4091
6590
9675
10000
9576
10000
3793
750
251
5393
5057
10000
2556
10000
6026
33
10000
10000
4209
2709
1103
8349
8039
3795
7281
10000
2164
3044
3693
10000
9242
6550
10000
8244
3862
2711
10000
10000
1323
10000
6971
2451
3655
9571
8347
2521
9169
10000
155
10000
10000
4729
10000
6637
7989
719
582
4778
1029
4618
10000
9927
10000
9987
10000
10000
2140
1825
804
9965
9315
8816
8555
3486
10000
5445
7656
6012
10000
2522
10000
10000
10000
9
10000
254
10000
556
2560
8128
10000
10000
10000
10000
10000
7549
8796
7835
10000
10000
3985
10000
10000
10000
6969
2357
2658
8512
10000
2369
3944
5691
8813
5919
5884
10000
1495
10000
8318
10000
10000
1928
6085
1519
8851
1582
8353
7622
8789
6977
7549
2977
10000
9643
2982
1846
600
2233
4305
10000
6914
5071
5488
10000
10000
5399
5669
10000
5781
5709
10000
1035
10000
4801
4660
3689
756
5541
4434
3651
8221
4719
2841
1977
5898
4542
2057
5193
5504
1686
3270
9945
2839
10000
10000
5959
10000
2235
10000
8048
5614
8192
10000
5043
6610
10000
10000
8485
1888
445
10000
161
207
1179
10000
10000
10000
969
10000
2764
1002
10000
5381
1651
8211
7527
7504
717
9243
1566
10000
9409
8392
2963
3232
1432
2945
3242
9110
7903
10000
10000
10000
8607
5478
1035
4661
8069
5249
10000
10000
10000
9880
6131
2497
5510
10000
4671
5428
4153
10000
3751
10000
1894
1292
8321
10000
10000
9645
4880
3989
10000
3769
10000
1565
8196
10000
10000
3181
5107
1580
6577
10000
2835
10000
5165
5403
10000
7331
4825
10000
10000
1402
1280
10000
9843
10000
10000
1103
4912
8173
1424
10000
2951
6445
6011
2581
8394
6999
3147
2874
10000
6618
10000
5577
299
10000
4449
10000
10000
9879
10000
1615
10000
9731
8212
7141
662
1920
6936
5535
10000
10000
9431
9245
7502
4157
8283
8795
2231
10000
2318
5156
9097
2519
10000
5441
9438
10000
8547
10000
3550
8822
7975
5793
10000
7509
1560
10000
5659
10000
5847
5577
10000
9959
2951
10000
4735
1706
8672
9116
10000
3210
6191
8381
10000
5960
3895
6091
7927
4990
7237
2825
3121
5665
6203
6892
10000
7967
6005
8134
10000
4397
10000
696
10000
3162
7491
2689
10000
7176
9590
7825
5207
4427
6428
10000
6092
8662
676
4849
10000
10000
7237
2923
10000
4837
1018
377
2251
4972
6064
10000
7847
9068
7096
6371
9890
3993
6695
10000
5977
9378
4677
527
2167
10000
2891
10000
7943
9130
2175
2566
4515
8519
7967
10000
5253
2513
6061
2665
323
10000
10000
10000
2759
9502
9646
9904
5768
10000
10000
1554
1584
2899
827
9261
7829
3083
9075
7317
8036
6205
6197
10000
4193
8303
9881
3248
9859
10000
8332
4511
10000
7031
4877
10000
3074
4715
1777
4288
8695
2243
8061
10000
8364
7614
7088
1927
7985
8110
2831
10000
2418
10000
1391
10000
6294
3403
9128
10000
9241
10000
10000
5788
1791
6605
3438
8026
10000
2306
8300
3684
10000
5614
10000
76
10000
10000
7142
6061
317
10000
9857
4561
7235
10000
5408
7563
10000
10000
8028
749
1714
555
814
10000
6641
4200
10000
1550
5365
10000
10000
6721
2987
6999
6055
6445
5897
10000
2557
10000
5783
1059
8957
5774
10000
635
10000
10000
201
5381
9193
7770
6260
4187
4689
4755
1838
6898
6099
6074
7179
2721
8457
7399
10000
1887
10000
10000
10000
10000
3109
8578
6309
10000
9595
5079
10000
10000
7653
7259
458
7601
9561
10000
3250
147
8367
4638
5251
924
4555
3017
10000
2867
2471
7034
10000
655
3874
10000
1295
4864
4277
10000
6240
7443
7890
9921
9099
10000
1117
4228
577
10000
3188
8164
2145
4863
7282
9449
10000
1363
7287
8978
620
1736
10000
10000
1907
10000
10000
6375
10000
10000
2422
1465
1863
10000
7041
10000
10000
10000
4629
4742
1087
6064
3170
8627
9955
6316
9072
10000
8674
9152
10000
7102
5253
6380
10000
4287
1052
10000
10000
10000
10000
3880
7896
10000
713
10000
2274
969
3161
388
10000
9501
7712
5071
1477
10000
9583
5807
9321
8287
982
7785
552
8323
1475
6869
64
1137
2896
10000
8991
4380
10000
10000
1766
726
9147
4837
9855
4591
6594
9617
3292
8885
10000
5270
7617
8053
9694
5586
10000
2721
3683
10000
10000
10000
1827
1503
10000
8291
10000
1628
4578
10000
4931
5417
4801
7232
10000
9636
10000
128
7784
9224
4629
3871
4056
9295
10000
10000
192
3650
3656
10000
9191
8043
10000
9420
9179
2229
8726
7191
7205
10000
8216
10000
10000
6033
5337
6475
1023
9188
6874
4115
10000
3350
427
492
10000
1381
6518
7625
2009
7154
10000
8709
5702
3035
859
4737
1053
10000
3444
10000
9495
5163
7847
3597
8341
3449
2947
8966
2367
9110
8725
2771
7693
10000
9709
10000
3467
9773
10000
2705
4207
7189
197
2003
982
9352
10000
1101
6752
835
3698
4677
3409
482
10000
10000
9564
10000
5605
10000
1615
9277
10000
10000
4581
8299
6550
241
10000
1534
6117
42
10000
6305
833
5889
9195
9801
6327
5693
10000
10000
3053
10000
3934
3824
1324
10000
1190
3759
1765
10000
1565
3402
9105
3977
6639
6920
9525
1334
1835
10000
6576
10000
6486
2461
9970
4207
2285
3035
2456
6343
10000
1233
9855
3610
2495
3761
3329
665
5225
1251
2405
5991
10000
151
3899
534
10000
8026
938
4998
10000
9868
3648
1126
4886
9725
6863
8726
1212
2761
7729
2572
9479
354
10000
5327
2225
8599
8806
7813
1549
10000
10000
10000
7005
777
7524
10000
8773
7429
10000
1795
9471
9017
7691
2839
2761
3309
1549
4192
8404
10000
8297
529
10000
6201
4186
7495
499
4896
1770
995
9924
10000
3322
10000
8141
7269
1434
8654
7086
9617
10000
9531
1427
7673
1211
10000
1273
8789
10000
4554
3069
10000
6125
284
929
8070
2970
5602
2756
2629
10000
1948
10000
2845
10000
2241
3269
4997
7072
6917
10000
4165
1126
7779
6635
4062
10000
2719
10000
9243
8133
10000
9309
2851
17
10000
6425
628
10000
2423
5255
4793
6084
9779
7953
10000
1423
6293
10000
9154
9818
2601
5302
2819
10000
9077
4295
5894
1125
10000
9411
10000
3717
6407
8985
9497
4827
1415
10000
9577
2421
5637
5605
10000
9000
4698
625
5743
2995
10000
9418
9851
3751
7519
6635
7685
9246
3459
7456
8522
3573
1469
9221
9341
5695
4057
7453
7961
2049
10000
9722
4687
3663
6458
10000
10000
7557
9958
10000
1185
2989
10000
3504
141
7918
10000
8696
7003
10000
5573
7580
597
6120
10000
1122
10000
5367
4792
3409
10000
3478
2979
6037
9845
4417
8897
13
3610
1603
6084
2345
1385
1223
3711
10000
10000
5852
8079
10000
10000
7178
279
10000
10000
78
10000
9651
1563
10000
907
10000
5567
9332
6086
10000
10000
7599
10000
2118
10000
10000
6443
8430
2801
7375
10000
3211
1851
2421
1531
2529
2325
3040
4700
5921
5065
8878
8587
10000
3758
10000
8938
8849
7621
1147
6945
10000
10000
10000
8742
1902
9838
115
671
1581
10000
7281
10000
3915
9588
8941
6057
5839
353
6732
5314
7922
10000
5845
6219
1488
5535
10000
3023
947
7709
521
10000
6239
1197
10000
1142
10000
3585
8777
4929
5592
10000
10000
3723
9385
10000
7540
1903
3841
4767
8755
8967
3095
5756
1362
10000
3791
10000
6731
2227
10000
2543
9607
6450
6176
10000
10000
411
4631
7909
6435
3829
4429
6955
2031
8449
351
3481
10000
10000
10000
4042
4900
1333
10000
125
10000
5487
10000
6981
6747
7088
9886
10000
5471
8361
3458
4615
10000
4521
5561
10000
80
2675
5699
8108
2790
10000
7135
1543
2339
1146
3656
3382
10000
9994
3113
5593
5241
1826
1563
10000
935
10000
1589
5057
2384
3745
8415
3156
9234
5035
10000
8523
10000
4965
3848
2412
4732
6258
9637
2683
10000
5093
6978
10000
10000
6025
9604
4559
9725
10000
4820
4443
8679
10000
8819
6889
5562
10000
10000
10000
3197
9173
239
2045
4566
8917
7920
10000
1189
6077
10000
4311
10000
7585
10000
8153
10000
10000
2184
389
55
4016
5211
5353
8000
9577
9830
10000
10000
8803
10000
9137
8730
10000
10000
7905
10000
6305
9697
9093
5060
3830
24
10000
9595
8567
10000
7255
3645
4904
10000
2153
10000
10000
2202
9969
6139
4903
5717
5342
10000
10000
10000
10000
2963
6427
1094
8437
10000
1086
4713
8567
9397
10000
3725
9791
5646
3309
9222
2060
197
7862
4842
9385
2074
1242
7385
9345
2007
10000
6035
10000
3797
4428
7645
1585
5643
8557
8426
9984
10000
7108
6456
6797
10000
6431
2308
3993
10000
2879
4625
3155
3240
10000
6500
4239
3413
9899
3279
10000
8669
4042
8281
8211
9825
2419
10000
9585
7233
8835
6151
3722
8697
9755
4830
9934
3350
6803
5287
3193
4503
3197
3236
33
3573
10000
10000
3716
1557
1309
10000
4969
1545
7466
6888
5662
10000
3954
7649
6345
9659
10000
9774
6939
9137
3921
7245
5210
5949
6592
6425
3239
3504
4215
2715
8240
8231
4065
5715
10000
1129
10000
10000
8924
9733
10000
2322
4635
8435
584
3037
9531
5685
1839
10000
4206
9663
10000
5885
247
6515
7606
10000
9480
10000
10000
2909
4540
10000
6949
10000
8653
10000
10000
1746
4287
105
6540
708
10000
4525
8667
9541
220
3202
2944
2291
2877
10000
9914
3183
10000
10000
1373
10000
3279
10000
10000
6371
1802
4315
9476
7589
5881
10000
4262
10000
7858
2143
7633
10000
4181
9431
9334
1601
2647
5522
9025
10000
4486
1373
2768
4522
2970
7337
1459
10000
10000
4814
979
3760
3162
10000
898
897
10000
10000
9684
8547
1704
2935
6141
10000
8115
7323
6659
10000
10000
10000
8473
7697
58
6422
10000
199
3153
10000
3709
5146
7943
3213
10000
1019
3234
10000
9383
10000
7813
3273
758
10000
8295
10000
6963
8165
3021
1580
10000
3348
6616
10000
6744
4503
5743
7691
8307
4069
1197
10000
651
8647
4199
10000
1392
6559
10000
10000
651
8829
10000
4290
7677
9797
6066
7763
4480
10000
8418
1229
2513
587
3122
3805
8928
5383
10000
8064
1706
10000
5265
10000
10000
2080
8049
6605
757
4866
10000
3756
5086
10000
5935
5003
9495
4134
8039
1865
10000
10000
10000
4583
1407
10000
7031
3995
1993
10000
5329
3178
8105
5003
10000
9577
8361
3303
10000
8004
2497
8361
9178
10000
10000
10000
2696
1261
7740
4852
9569
10000
5388
10000
8841
3351
10000
1175
5125
1283
3652
7357
4119
805
9795
6998
463
7113
10000
8074
385
8807
2217
5177
5457
215
10000
10000
3866
10000
4277
5706
8179
2599
523
1179
10000
5314
7679
7423
7971
5958
10000
5223
9494
10000
1189
2969
6457
6262
5480
6429
3210
9399
7673
10000
4114
635
7960
6951
49
9810
1032
5685
3362
8707
8629
10000
10000
8821
332
495
8682
87
10000
10000
4638
10000
6879
4658
10000
10000
8839
6770
10000
2075
279
10000
2949
2251
9829
5393
9215
727
2680
10000
7340
4986
10000
2385
6421
10000
7717
8609
4757
4989
6701
4479
5581
3433
5540
8203
8696
10000
9875
348
8017
9295
10000
2617
1063
2597
5231
4600
10000
3257
10000
2050
5313
7007
10000
10000
9316
7934
10000
9264
10000
9455
7995
5505
8205
4313
588
6431
7400
6481
3443
7776
7807
431
10000
10000
9933
7683
4599
10000
1815
5862
10000
2859
10000
6329
5471
10000
9470
1993
1070
803
9203
10000
781
9193
10000
873
5867
8667
8407
5555
4190
10000
7987
10000
10000
6976
1831
6476
5895
10000
7259
9230
7356
2465
10000
10000
4441
374
6045
10000
1617
6604
10000
7575
459
5832
1444
2234
9508
2406
10000
3629
5383
8461
287
8837
5432
1482
5165
5901
5245
5005
10000
6039
2031
10000
865
2941
447
203
345
3517
9875
2140
10000
5429
5320
3189
10000
2949
6319
4887
7679
10000
7317
935
3966
10000
9759
904
10000
6007
6827
2447
5301
5959
3671
10000
6743
4223
367
9437
7118
6389
2859
6147
10000
2451
9637
6749
5511
10000
6221
10000
6981
3783
3592
9853
6475
10000
10000
7213
4723
3992
1073
2994
2708
59
10000
10000
6792
1644
6046
107
5954
9127
10000
8344
285
7429
2770
5039
10000
548
4335
9359
10000
10000
10000
7789
7293
5474
491
10000
3544
7651
10000
10000
2470
5165
10000
9232
8260
8873
4905
5990
8517
5069
450
225
10000
6339
10000
4320
10000
10000
7121
5575
10000
603
472
10000
10000
4384
5089
10000
10000
9035
1069
8171
10000
6497
3234
1988
10000
10000
10000
10000
1999
10000
3409
4879
5966
897
8591
635
787
2675
287
8535
1321
99
7293
59
10000
10000
1775
9661
8751
2200
9131
1237
5619
9853
389
7146
1886
10000
7342
10000
148
9960
4105
1342
9408
5842
1785
10000
1397
1771
5365
4535
2691
1388
316
5893
542
3008
10000
362
1068
10000
9552
7140
8977
6765
1333
9198
5373
4202
10000
4602
782
6297
6404
4655
6297
8888
10000
3713
224
2253
4673
3951
4039
2315
8144
9085
10000
7341
10000
7587
1309
6127
1227
10000
1981
6669
2366
10000
5933
1411
10000
4013
1477
9431
2482
10000
10000
10000
10000
4323
7738
10000
10000
5326
4692
3521
10000
529
10000
10000
10000
7567
152
775
1025
8563
620
1527
9757
3236
374
10000
5638
7839
8572
9907
10000
10000
3566
10000
787
877
10000
2301
765
4321
10000
10000
10000
8628
10000
10000
9275
10000
4271
8861
6416
9340
10000
6768
5291
3033
3091
67
10000
2639
8518
6498
3016
10000
10000
3684
9572
7233
10000
1977
7825
3881
8301
9482
3453
1073
8930
10000
9895
2883
2675
8385
6647
4681
1231
10000
4101
3681
7629
9570
10000
10000
2481
2890
359
3485
2564
782
2400
1195
2822
9229
4235
10000
8049
7082
10000
8732
10000
6075
144
3270
4761
4488
4200
10000
1067
9686
2720
944
7374
10000
10000
10000
10000
2819
10000
9588
953
977
9115
4211
7250
5748
10000
1736
10000
10000
5771
2803
7736
10000
7305
2067
2671
3253
9010
9389
611
10000
2757
8273
2656
10000
1333
10000
10000
794
2578
601
8580
10000
10000
9862
8500
10000
10000
3482
8172
2048
9329
8801
4616
1644
8843
1308
3734
6461
10000
10000
10000
10000
2097
10000
7866
1677
37
5414
3396
6653
7635
10000
6187
10000
3973
8733
10000
10000
4233
5827
6463
6941
8910
2794
7255
2155
4209
1083
7735
10000
4549
6064
10000
8928
4937
1315
9552
6585
1930
6885
4976
65
10000
9279
7409
10000
3220
10000
6887
10000
10000
7045
10000
10000
8457
8012
9013
5332
233
352
6111
10000
10000
6483
9125
10000
463
10000
4285
10000
7693
3874
10000
9490
8463
10000
3467
3938
164
9383
4061
2947
1084
3317
5594
8562
8957
8716
10000
5707
5609
7342
6987
8557
8034
5299
5961
5300
10000
2461
4657
1317
6610
6739
10000
10000
8087
7441
10000
5367
871
2889
2285
2541
8952
6988
5407
4981
5369
4483
10000
6293
7117
3888
2882
4095
2258
10000
2505
10000
3751
3327
2309
6050
673
10000
3781
10000
7199
7701
389
3317
1730
3520
10000
7507
6357
4677
6155
159
2597
6809
10000
1319
968
3518
10000
4794
1180
1284
6635
10000
6343
993
2048
553
6185
9117
6129
9662
5909
10000
10000
8235
784
1717
9859
9155
10000
9597
10000
3477
7772
2959
426
5687
9530
1515
4367
4160
10000
6550
8581
4706
9647
1363
10000
10000
865
9909
2793
2085
8209
6007
171
7079
7567
9848
9488
323
10000
10000
10000
3404
4297
3001
10000
4333
1233
10000
1695
2687
7717
10000
10000
7658
7051
9237
706
4972
10000
2535
964
7767
10000
7030
107
4399
5849
3897
8419
10000
8280
10000
7303
10000
1035
10000
6584
9470
3124
8010
10000
10000
5517
2669
9164
9685
10000
9239
10000
9054
9690
6409
8251
1865
3241
4812
4329
2830
1993
1471
4944
6663
6123
1851
10000
3979
6457
3211
7061
9201
10000
6184
1501
10000
10000
10000
8967
5062
5775
5586
9721
10000
8091
6765
3199
2907
947
7311
6811
7349
6217
5001
6984
9553
5371
3639
10000
2565
10000
7848
7888
10000
5411
10000
3137
4255
1215
1229
10000
7910
7886
7104
9642
6624
6184
255
9532
10000
10000
3336
845
338
1060
4809
4675
1359
4403
570
6474
6683
6231
10000
6557
9627
10000
1843
6283
10000
10000
8649
7227
10000
2016
4854
10000
1471
8161
2057
8949
10000
8877
8687
7757
3329
9037
10000
1532
133
1328
8929
10000
6453
10000
10000
442
1870
1765
8813
5382
8487
4976
3963
5375
1362
10000
4425
10000
4116
4329
2740
2609
934
2150
7565
10000
9721
4381
4620
4765
5715
10000
2828
6316
10000
5202
9885
9032
12
7441
4253
7603
10000
5019
8942
10000
3157
8843
6999
2171
3769
7421
7836
4169
4140
3239
10000
3971
6950
4715
435
7231
10000
10000
10000
10000
6134
2332
10000
563
4459
3875
10000
1132
10000
4502
2257
10000
499
4251
2977
1388
9493
5671
5502
7470
5419
606
10000
2127
1701
4361
1039
2800
2253
1362
7509
9809
10000
287
10000
6176
10000
507
1842
1181
1853
7275
7749
1396
10000
7223
3285
6313
5297
8254
7025
3603
2190
3604
10000
6982
10000
10000
10000
2426
487
10000
9461
8097
5848
6306
8769
5653
5414
10000
10000
10000
5454
1703
10000
10000
8011
2637
8139
6541
10000
5135
159
8645
10000
8678
713
7001
5988
6208
1631
9277
8713
1132
2095
810
1624
8423
1347
10000
3773
3118
9571
9272
9530
10000
10000
8962
2987
10000
6620
10000
10000
4777
10000
3818
4226
2441
6275
8218
10000
6970
5173
3585
2573
5903
10000
832
4603
8387
5078
10000
2562
2564
2029
10000
7322
10000
8477
8522
9212
5785
6275
3011
10000
1307
10000
809
7603
2035
1695
10000
925
5081
1617
9368
3042
5075
2763
3067
2809
4537
7224
206
1598
5948
8845
9783
6301
6593
6859
9315
1769
9655
9064
5123
3259
10000
357
8269
10000
109
10000
724
10000
6737
9221
1368
6591
8485
1239
1330
3200
10000
1125
5683
7705
2851
8865
10000
5169
3812
7897
8063
10000
5425
5956
6136
6841
6963
10000
5029
8060
4124
3826
8346
9694
1263
3355
6645
8524
5917
2126
4120
5953
10000
643
4930
9567
3424
10000
9358
3977
9421
1186
9703
10000
10000
10000
7825
1065
4314
8657
10000
4554
8009
1792
10000
4298
8148
5753
10000
624
218
7121
10000
3271
633
9275
3939
125
10000
10000
19
9741
4884
6793
3605
3789
6329
10000
3027
10000
8895
10000
5626
9712
10000
4768
9353
10000
10000
1345
175
2036
6147
10000
6631
10000
7791
10000
1529
1764
10000
10000
577
10000
5277
4749
10000
10000
9241
8269
10000
6397
5749
9243
8677
8883
1304
2409
6825
801
10000
10000
6304
2171
3633
9196
4041
10000
3164
7807
9103
4631
10000
10000
7961
9823
6811
6108
2018
8337
4675
3918
7860
10000
10000
6890
10000
8169
10000
9083
1824
4595
10000
1572
5393
7543
3445
10000
944
5065
3343
10000
3336
3606
1934
4275
9493
10000
5176
7789
6282
7730
7908
5912
6385
3141
9697
10000
3168
487
2555
6504
8999
10000
4727
10000
7433
6113
10000
10000
1058
7064
1316
7061
8711
2530
1395
7979
3015
591
7445
5818
1586
1191
4653
3036
10000
3598
10000
10000
8167
6458
8473
2081
5290
6853
8292
10000
8084
2757
8262
10000
10000
10000
5871
1600
328
2435
3413
4029
8169
4554
10000
1249
2702
10000
8704
3274
10000
1519
7801
6288
10000
6508
833
607
10000
9588
7018
9315
7076
10000
5659
7185
8762
10000
10000
869
9775
742
7051
123
6059
313
4954
10000
4755
7122
5203
10000
3677
10000
2379
8459
10000
4418
6980
337
3641
9123
8557
3109
133
7773
2115
3618
8920
10000
10000
5747
8701
10000
10000
1032
5593
9642
9977
5285
5280
10000
8877
5178
3513
10000
10000
8849
10000
10000
3851
2997
3139
577
1999
4187
515
10000
9230
10000
2091
6057
809
65
2293
8278
10000
5000
4993
516
10000
5791
10000
675
9819
5368
192
1931
4567
10000
7135
9127
3481
2681
4992
10000
2857
3721
1222
2685
6981
10000
7004
4435
7759
4146
5706
7270
3225
8832
4690
10000
3577
6327
1819
35
1615
10000
3062
10000
4415
8185
4772
1650
10000
3897
6845
8500
10000
849
4065
3445
6457
7725
8604
10000
8086
6465
10000
4126
6373
5018
10000
4901
10000
10000
10000
4339
5775
8595
7258
9679
8015
4095
5148
3779
2136
456
1467
170
10000
7976
8174
10000
871
10000
10000
10000
10000
9059
10000
3444
10000
5793
209
4915
10000
10000
5059
3832
7532
5238
10000
6529
6347
9133
1531
10000
1309
474
7579
10000
6051
3283
241
2236
10000
10000
2627
10000
3195
3116
2473
8042
10000
6728
3914
9722
1235
5681
10000
10000
10000
7848
4480
3518
4589
3702
3509
10000
6488
3883
4557
10
3348
10000
10000
6039
8642
2492
6329
6020
10000
10000
7818
4357
5575
10000
10000
5141
9904
6487
10000
9391
10000
8106
10000
10000
9029
7106
10000
10000
4879
10000
6350
2813
10000
1831
10000
2761
5307
10000
7905
4977
10000
1848
2849
5973
2661
6642
4941
9735
5338
2083
5430
3410
8010
7122
10000
8831
1089
7393
591
10000
9197
10000
10000
1929
5870
9609
9634
6112
10000
5885
304
4844
10000
9119
4271
10000
9953
6041
3727
3166
6330
7573
3668
1381
4788
9366
8824
839
10000
10000
7253
10000
9464
1731
10000
4312
2342
3220
10000
4055
3422
1108
777
5467
4145
4579
5207
7685
2825
9003
10000
8768
1049
10000
10000
9131
9937
3101
2337
3103
2
6974
6681
8587
7683
7452
10000
10000
45
3116
4582
8861
10000
6074
7579
10000
78
2041
10000
9056
1235
1816
8467
5831
5302
6708
777
1355
10000
10000
9773
10000
8429
8346
10000
10000
10000
10000
10000
9197
7211
1905
10000
7313
10000
2901
8817
6037
10000
5530
10000
220
6121
6914
10000
10000
3878
9543
2303
9015
2051
6416
9309
1373
3049
10000
5983
8345
5589
10000
4471
10000
9515
10000
10000
6919
3723
3082
2710
2442
2907
1868
8884
2509
6508
4523
10000
10000
4675
4178
10000
2617
10000
409
9255
1145
6611
2131
10000
8240
2660
8397
8563
10000
1482
10000
10000
6233
10000
149
5751
10000
8007
2531
577
919
7923
10000
10000
10000
4365
4463
10000
1694
6051
10000
2242
3804
8745
4956
4407
2373
10000
3059
8624
339
4478
4886
3625
3863
8751
3636
10000
10000
7093
2323
3251
2847
55
10000
10000
10000
6652
2266
2713
10000
8317
2322
1679
8954
10000
4887
4431
4363
10000
252
5740
6243
4562
7514
6433
7121
10000
10000
10000
10000
6679
1043
573
10000
10000
5369
10000
7443
10000
450
6619
6306
10000
10000
4304
108
1200
8307
4382
151
9132
7670
7551
323
7329
8703
2652
3041
3335
6637
10000
10000
2041
8604
9810
10000
9566
8509
1453
1008
10000
210
8311
6593
10000
4517
10000
10000
6769
2981
6068
873
10000
7167
5550
4155
6824
2491
7483
8847
5376
5426
8616
4141
4777
9900
10000
8509
2305
5512
10000
7807
10000
10000
7093
10000
2561
6545
10000
3171
6851
567
9524
3891
7150
10000
6071
5244
9577
10000
10000
9826
4753
1474
6879
837
233
7938
8878
4251
10000
993
3480
7170
10000
3125
8888
4437
10000
3115
4183
7563
2808
649
7149
3711
1525
5113
7186
7633
10000
4368
9407
10000
502
10000
8861
6333
1066
1258
7419
9492
4818
715
977
10000
10000
10000
1163
1623
430
3521
4250
2468
9551
6321
6105
8181
6076
2515
9982
10000
2409
1661
5704
9415
2739
7541
4313
981
1047
965
7805
3538
2797
7604
4229
4336
8537
8260
7110
7155
7448
10000
2322
10000
843
10000
8763
6295
7565
10000
10000
1926
10000
6467
5969
7722
72
10000
3941
10000
10000
3069
80
2253
4054
49
10000
6575
10000
9623
2613
1502
10000
6640
6178
2215
7849
194
5148
10000
10000
3717
