13463
10711
20667
4671
888
29229
6811
13779
3410
26889
15772
25354
28738
24271
19415
32
29652
15800
26205
15040
27869
9311
4831
27592
20163
5418
7983
21166
807
5063
17648
28844
6913
14792
8219
8922
13179
21834
26778
7460
10172
18902
19315
19571
14253
20367
28954
812
11711
16253
9995
12889
22490
9244
27796
11612
8120
4507
9440
13159
18311
619
5157
6737
16532
12142
13163
27438
17892
6029
20322
19658
3579
11558
28856
4402
10039
11544
26794
11571
3326
17460
18232
14722
26262
24498
14920
11414
12861
23124
548
10596
20444
3351
29328
6058
21935
23915
6186
21638
17681
3711
24911
12951
29291
11484
28159
7997
15322
14923
1771
28125
5415
28638
1762
447
24151
17809
17730
14471
25962
2730
19136
6559
11671
16377
12136
25095
27107
10979
7602
12044
27459
16082
111
5742
23095
8247
13169
22696
23564
18291
27511
21099
11247
7546
27008
19418
4078
9948
24870
24922
4482
5171
28114
28188
24069
8453
15643
21352
14097
9808
28450
3072
5527
17223
15549
27067
17891
5234
8759
18952
6437
5394
28900
22691
23123
29726
6255
10479
24078
24213
20625
14184
23113
21047
9891
24618
7694
28576
6035
6362
17822
17527
14657
5723
3140
29598
12353
20828
7985
6178
29342
9681
26367
27605
1750
21712
4549
9647
13951
8694
11064
5806
20766
8733
14905
9748
26688
10402
28306
2297
19801
29525
28935
3905
5670
18159
10451
2376
2893
13168
7018
7409
11038
26680
523
6833
9295
5648
3889
2354
2160
2801
17935
26399
23103
14187
19344
22441
21959
22084
7653
4541
6050
23537
3964
10767
1121
8397
29444
24425
26394
20198
20514
22347
26649
24888
2450
8764
16218
26098
11220
7788
20784
9760
20362
21366
18151
3122
7572
22814
15629
20291
9768
15846
27691
17108
8802
17993
26408
15827
13101
14377
5863
4553
13874
16402
25715
29937
23353
17591
26918
22512
2931
10165
12943
5149
13330
23449
14215
20445
25126
26844
25920
28796
19512
27311
2694
11930
1465
28496
5798
11843
28705
15901
13813
3446
12275
27764
24718
4479
13369
7296
20446
28024
18390
20094
20833
11047
3853
1
13486
21530
16634
11421
8718
24031
3815
26862
24584
10972
28365
2097
8304
13782
1218
17662
5704
9665
486
8808
7803
938
24196
12631
24071
17860
7143
2363
20736
2405
18986
20974
17778
18454
9205
23813
16972
14968
7366
10792
28556
5403
8062
21424
17978
288
3993
1416
926
5176
8381
16119
7704
13181
25101
16364
23387
16233
13203
5036
22677
25669
4289
4922
23314
27234
26077
3938
5310
5017
8094
19953
5520
25111
5877
3618
29415
22164
8779
17630
18559
1425
9870
19087
23927
23678
25407
20351
4418
15542
20802
10149
18153
21026
350
7998
12650
3006
20633
16300
7254
25236
8148
9445
8868
29094
14019
5591
13863
27099
23750
24345
7415
2079
4632
2186
17497
14446
2607
13710
12438
15644
26441
12736
13176
7930
708
19443
13046
11493
5852
12887
15987
2262
24099
8921
24866
25892
267
6380
19202
5555
861
27740
8092
19284
10263
14600
1300
11588
16966
22979
8450
13978
17151
9211
26674
941
9377
22233
10488
13777
16145
22104
22770
11396
20835
3106
7335
1464
24992
14435
8493
23073
27550
12272
15393
16546
26925
7723
27474
28056
10217
24499
14479
20177
15174
19115
2418
8321
11431
18884
2464
17010
3103
22047
4948
3392
16678
1635
8639
368
22977
7800
15621
696
6605
3944
4748
2112
9313
20555
24619
10404
20905
21622
5414
10960
26687
12158
1773
29327
29716
29341
5052
5187
694
29032
9464
24957
9397
23207
13641
20551
25825
16643
19041
19035
8866
23552
26579
25418
2815
19149
27360
14380
29976
11655
25370
29395
15531
4172
24784
26055
22953
14501
27328
2206
20460
18035
3418
29351
8305
13539
23923
24800
9204
21519
29574
24123
1140
9057
11380
28311
29073
26996
5914
29601
25046
11668
14249
20034
21385
16152
23280
7229
16486
18916
1213
1990
4600
2177
355
17423
27787
16902
4908
15100
25690
3920
8122
11731
20757
10028
8378
13952
14117
26410
15336
29397
5551
27105
24938
7371
13926
19829
7045
25332
15020
17840
2288
17717
3257
4609
12733
22429
17687
26982
2233
26492
5479
25060
20576
19180
4777
2452
11185
15600
22892
9905
5862
15223
11131
24009
1809
16545
10276
14962
11191
17957
25944
11103
18547
1070
2195
16654
13109
18660
2304
26719
183
10587
5387
13870
24356
11702
9528
21703
21040
26591
1653
16049
10081
1479
10293
10352
28690
7680
19580
19643
29859
21972
1679
26587
703
7969
1603
719
5448
10098
12910
27424
29810
12332
25864
13280
20566
25559
28471
841
6880
24355
29779
22371
16058
5918
4757
11554
21372
29320
13645
13076
12575
23966
29886
14066
1068
11539
14909
3183
16157
10548
22244
26413
12214
1812
14004
14768
28616
3658
17796
22617
12252
5004
2777
5793
27260
487
7387
26784
22411
24421
28774
4683
10624
3158
8431
316
7429
24643
25507
3549
26253
5847
9526
6819
16772
16489
28307
25736
2986
7897
20451
12089
12588
24220
22087
24599
6626
13883
14510
191
19622
23852
18261
16385
13644
21784
19255
21449
13623
24591
18709
9474
25637
22120
5933
3847
5624
729
28862
2878
1339
12360
29059
16599
8254
19353
25172
8625
23209
22741
6344
23582
5134
17382
24937
1204
24687
27440
16417
8743
22196
9174
21167
11639
28976
14010
20015
24604
4290
22469
24863
26791
22101
24772
6717
11071
8963
11253
10984
3318
16010
29558
19613
8574
16276
24010
101
28151
5734
6948
29668
28217
28144
10146
14693
16053
22038
16719
26129
7022
9121
29370
13322
24510
8787
574
25586
19456
7169
6587
19341
21310
25230
8501
7411
12236
18566
9861
1780
20709
12542
18885
13344
13116
4870
18284
21658
22463
9574
9605
11281
10210
10474
29325
7591
1340
20051
3539
28171
18906
28298
1082
19806
651
22213
12874
9852
18275
28289
20629
8005
22294
17762
12164
21732
6296
21720
1672
19611
13893
818
29258
12388
29719
12240
9952
13871
26953
962
28084
27597
3042
13131
5207
24456
23932
2599
23148
21130
17736
9054
12962
25745
8107
27001
7611
23128
16556
29118
18055
22609
26701
14589
22353
26065
23688
7866
14884
25909
13897
15292
24169
5814
3511
24484
28260
8106
15259
14443
16605
15525
15046
23785
13967
25089
14874
8163
25015
18263
20240
15641
18069
24597
27895
15519
14966
16344
8196
21780
16704
19143
8835
14821
23345
12721
27958
13250
28357
26916
7190
15276
25357
27533
18810
15814
15300
10097
18295
22565
25379
25686
21335
8082
12975
27476
24776
10137
12282
701
25808
20149
10673
20409
24650
26074
3807
5423
7284
17487
26718
22815
1796
4481
17240
1382
20708
18086
21942
18100
2735
18170
15248
3732
1058
26632
8512
26575
18370
19016
9951
22402
6929
19405
20790
10361
20911
4754
25377
21778
27051
24666
13408
16040
7346
11906
27194
14021
21897
18236
3067
6332
1981
24405
10258
1731
9900
24809
17050
12669
18620
24148
22781
11619
14881
11126
26854
1843
9619
7550
26066
22905
15105
943
21210
14433
19743
512
20747
20677
24716
21905
26874
21195
1098
26030
14841
12194
22616
27964
24835
14650
22040
5963
20496
27732
4988
7083
6522
18611
11783
3781
16992
1568
3682
19694
21336
22352
3677
826
29791
2705
750
29790
13909
22467
21194
20169
3769
21340
14528
7677
25872
25280
17394
12665
14071
23390
21677
14333
3509
16914
25819
6888
4956
23299
28005
29165
17024
27089
13657
29575
27291
718
11931
1177
1011
869
24732
21043
24703
28271
17176
26044
28574
7176
349
19408
9553
2837
23252
12602
20601
2185
371
16526
7437
18856
1582
9360
29617
8509
19248
20022
18040
24810
14618
22988
2006
24914
15465
23305
10965
12243
29600
3523
7110
5388
17254
735
24826
3082
6294
22452
7273
3791
12064
25435
7874
10768
8940
17195
14710
16247
23459
26628
21095
4697
8731
4187
19740
19013
6040
14496
4756
24873
18062
21873
8029
13505
20267
13666
8392
7074
16582
23042
6738
23707
16569
20295
17001
22889
10327
844
485
26660
7931
15601
17059
25813
24294
21200
25894
18058
10660
29748
4110
854
22119
25520
15801
17478
12017
6418
6530
7457
19121
19671
2317
29045
6125
23166
26611
8878
10926
11093
22375
1549
22946
29971
5159
18734
18655
653
3172
22075
20317
17282
16392
1278
29507
11244
4545
3821
14707
17093
4010
25885
7425
13277
13720
19059
22795
28867
23889
16290
20136
19948
2128
20312
499
23078
2067
27827
5594
9302
7539
8934
13783
2058
18430
28704
18962
24404
16443
13164
19419
19941
2586
26304
8577
25622
19481
22999
9974
10578
1379
29644
6310
16937
7731
24697
4177
13775
3046
17082
18188
12623
23935
6379
5882
5549
8414
14007
1758
11325
19349
17843
13902
18847
2988
25382
16628
11218
12273
18643
12641
20382
6369
6167
8244
17732
13625
611
26295
27225
22525
13568
17908
22700
18964
13523
4286
10399
4371
10124
3207
2782
15959
15307
20290
21921
18622
23619
599
9846
18175
24751
9757
6711
15782
5982
19748
13130
11754
27216
9229
27728
10511
8588
1644
28062
18807
24013
15145
16645
23134
24475
3883
4469
11584
26422
27039
27141
23277
6524
4216
20261
1473
8256
9076
13387
18867
24965
16744
16169
8476
23416
14977
12959
3319
13715
10623
22658
16133
20183
21070
16439
19377
22680
12204
29087
17530
1302
11406
5188
9609
2630
7845
12356
24218
7646
26211
9199
7555
9388
14951
4317
26807
13416
29554
15863
1576
24504
5008
3108
29640
16514
13089
17682
10078
20745
13953
15804
372
3151
10077
8676
8897
7076
13069
3541
4990
14751
23446
26809
1227
4539
14486
23880
23952
5447
28068
19157
1733
12030
3672
25086
4173
12307
26143
10294
3056
22957
13578
23461
9455
22072
458
10515
21598
3908
7012
17967
9812
23837
6220
2388
16415
14689
9427
17036
18154
9894
12206
27145
203
28712
7356
6595
12233
5453
12394
22216
29561
29471
9213
19511
29455
4051
16826
6019
9961
5051
24612
25513
19439
18733
29218
158
22949
4334
26436
15227
6992
22226
7374
360
21773
15514
12663
10830
10807
15861
25066
23213
15329
4678
19019
9839
25187
9881
24654
27343
798
20304
7268
22044
14999
17109
14781
9649
752
12527
16154
4076
12938
6334
1535
25642
29758
1385
6813
18028
25887
27815
20025
25412
23381
8365
8001
27130
29051
18571
27841
3094
379
14381
25685
29836
25905
2672
19491
21080
9027
9969
5324
23703
8229
162
6583
17186
7939
7200
26984
20339
5244
12746
29759
26851
27295
24327
24111
19209
7553
25554
11607
8030
1411
10970
11020
11354
20128
25683
4974
26607
20246
6777
23083
22326
6337
7940
23971
14601
14846
1495
15885
2364
4581
24440
10245
7427
13760
22287
11956
14823
21864
11041
3286
11208
1804
8543
5827
28274
3138
24263
26330
14296
28828
436
19135
14171
24557
11241
24033
4798
22623
880
2695
17688
3569
8855
2045
8607
23342
3563
26939
27092
17927
19631
18594
16862
15657
5405
29290
23385
25656
4325
18972
28220
1172
16219
23928
24932
13886
8270
2912
8754
665
5883
16907
16779
4047
27531
26466
21691
28960
2615
12441
16679
2232
29277
4510
4160
25952
13979
10725
5102
8669
5373
20772
16389
16653
9581
23405
19056
1639
24611
5015
12739
25670
7137
26937
11148
8643
86
29605
12268
1880
11708
6271
6025
25317
3186
22407
13236
23254
28392
20716
29697
21213
2862
5705
1785
14779
8674
22673
26123
11945
12778
20302
24270
16391
9608
17457
11043
29172
27818
1696
24216
12234
24829
20220
20237
11462
15688
13460
25306
22519
13141
27040
19656
7748
17554
18487
17324
21295
14798
7238
20879
13233
19937
21478
9912
21989
15291
19194
27337
8829
1090
29832
5626
7044
24575
7327
3421
15796
4223
6278
3341
3194
21749
21461
10993
17735
9215
3503
15118
1097
20478
2145
15380
27854
9136
17281
27530
19576
27515
25242
24747
19226
1402
17322
14554
3830
21821
21572
817
19578
22683
16549
5907
1818
9020
15785
15486
2597
18718
10323
11439
3730
12363
1917
1301
14672
21266
23034
14599
5195
14061
12692
201
15736
24743
10532
18927
7554
4742
23256
10023
8697
7307
24122
29550
6354
1892
22941
27503
26703
14351
23975
9664
6320
28179
15786
1795
1531
28563
7502
23671
21586
17326
26661
25355
28871
19393
19478
23864
18303
27380
25657
12452
20370
16503
295
3695
8614
4067
5613
13806
2002
23603
3038
28236
28380
28794
18583
16296
23917
16310
11589
29457
23066
12087
13597
13300
7304
9008
2001
17049
4885
3008
7941
27880
20294
1123
8904
18138
21113
1647
13752
1312
7576
12718
16193
18539
21049
7079
10675
4178
24613
18888
28739
11209
18302
24749
16822
28433
1994
9920
23990
29991
21990
29707
18911
22785
9911
12764
9684
3084
14839
23939
4082
14360
7075
28680
4008
16835
19519
7850
4529
2805
14786
8908
17988
19261
26965
25245
28371
7587
23918
64
5698
15117
21562
25650
17190
27553
14128
12922
2063
8869
11288
9006
20182
9293
2653
967
3045
20055
2758
6514
12422
19378
6311
18606
24025
4184
25873
17839
20599
14673
11134
25958
28957
22653
13114
25869
29852
10579
8380
12260
19729
8911
28547
4877
1624
5365
3133
18003
16885
426
12180
11627
29363
13074
9444
16397
21472
22103
16936
6588
21117
9895
192
18283
1584
1432
4811
16766
10519
22363
6071
10202
14911
21234
1371
7120
6695
17924
8183
14698
12022
3525
14659
532
25405
4006
9970
17287
18849
5084
1117
340
22633
14303
19196
26056
143
22684
14447
3470
7016
1822
19884
4039
3178
26358
17678
3371
1556
29251
15636
29842
18314
17582
25919
16720
17397
6241
17438
22760
29988
15390
29750
3845
2413
27789
27698
18220
10265
26771
15124
17482
2743
15296
255
28665
24977
12550
7870
18889
10936
11364
16816
28169
5573
28314
642
15985
28561
9191
12555
2760
6721
17451
6301
9351
2890
12793
12305
12672
6069
556
21329
27648
17473
7848
15966
24414
3486
13278
6356
15787
9617
2558
13016
18325
7981
16407
14271
12992
20434
28362
9163
27312
3894
16505
3760
6762
11651
9331
15403
19700
19070
7970
26715
26534
27914
2886
772
16373
29101
3922
13912
13342
3488
3363
13410
21568
5770
10156
28890
21850
12160
17204
2021
18584
8156
9539
15868
1740
9965
2428
12835
12008
2564
26350
23777
2658
25875
22564
20196
1349
27904
19832
4169
23290
16847
13748
24754
21845
15055
14173
25413
14900
26997
3818
13914
22442
14473
17995
21343
15660
4520
23911
29786
11044
9778
2040
5773
20858
5535
22694
797
23737
17466
12723
15606
27686
13731
6678
10678
29864
27155
3575
19786
208
12010
13875
19931
16501
12155
28912
3996
25206
27189
28080
28218
9353
14746
3806
21078
18008
19060
29375
3537
25626
7351
4016
13209
5431
27402
13491
27201
17075
12157
23185
18970
3366
13384
16174
19116
20852
29576
11774
14272
11916
20624
29481
29301
22595
4284
7185
20918
14727
10719
23410
20722
23643
24706
26202
3512
1942
904
857
20281
14890
14287
2626
24598
27351
20815
15315
10723
24333
7061
29446
2089
8066
16905
14028
25582
25340
21960
11786
24552
6890
771
25079
8328
24487
29797
7186
883
9426
28416
27407
16721
26603
24518
8571
16839
5619
2057
935
28029
13346
8817
24895
2580
13570
16367
26599
13498
5071
22586
1407
15737
4193
8652
9598
15756
862
13401
1768
24689
1940
9636
26102
9811
13004
1748
22189
12530
141
4180
23985
22780
27913
24100
15613
12258
9724
20628
28984
5001
483
2390
26670
18083
24198
16263
20010
20143
28117
5439
17508
24644
20648
5468
19849
4120
27563
28804
2542
17481
23149
3121
2257
6812
14776
13483
12745
179
13475
25254
4728
6441
24437
4227
6570
7367
22383
12577
14108
18891
12695
11845
21755
10190
4962
1146
14462
22227
528
9055
23740
7663
22240
26948
4389
21476
29416
12403
27990
27953
17384
12092
6584
21523
3078
14805
28645
20652
24325
20688
22397
24176
12590
2454
12697
17699
21772
7168
27258
16770
21453
8289
796
3091
1423
19783
14906
12701
29966
29570
10976
14216
6782
24719
16353
1992
25036
12280
17280
7404
19270
3015
13378
27832
23082
10683
14470
28543
13302
6764
3540
27922
15297
19336
13663
23560
20647
2458
10221
28035
46
4220
8102
14539
11346
12953
28259
29677
23283
20133
17617
25747
21863
12707
9697
14085
11170
12563
20999
23677
6238
22819
15840
26204
16305
560
22640
10025
26951
28018
15632
17002
29485
15018
18835
6196
13464
2637
6087
20953
8343
27692
27069
10937
28956
11781
9301
12893
28884
15191
25982
6446
3893
13235
10299
4909
15262
2300
26437
23508
29130
15328
13075
17031
26126
2665
26698
17299
28755
16181
10921
19387
24149
2287
13910
17203
13820
20960
2240
11194
14542
12753
5753
18130
14180
988
17032
382
9451
12772
2183
17842
4813
24551
10916
25528
5366
5714
26469
19960
8511
608
16013
26339
22544
18357
6268
25070
9867
17531
4207
20383
7666
17153
3126
12420
364
9070
19936
9593
25204
4436
14527
10930
28356
13856
16534
27963
13027
23899
17455
8193
23618
24795
9508
22704
25775
7617
4461
6256
6719
27529
8273
28488
1229
10412
11087
9107
12998
12557
27426
14742
23962
6008
17599
3359
391
29498
11361
16199
9147
24616
6378
8194
10793
1240
20442
11028
4181
207
8552
27179
9182
319
20698
28472
21001
9303
13605
8620
3003
22849
971
21766
21392
2250
13072
9150
16017
8700
9504
21823
15948
15913
9552
25760
14199
24787
6922
10535
17909
28840
15822
1798
25058
29257
22349
29635
29230
9280
13423
28831
20535
23234
19499
9473
4906
18413
6807
4301
24742
8692
20939
18385
21899
24942
10629
7756
2680
23610
438
10003
6030
25514
25795
23139
15670
23510
13097
133
153
28211
20064
3919
13445
9720
27514
8472
11142
25772
11184
22366
24235
23226
8715
13831
28230
11199
28065
22292
13982
18001
18564
8006
7483
23284
4410
3852
2423
2622
7730
28249
8275
22865
22354
15823
5202
11672
23895
2473
28132
28247
16366
17407
1901
26075
16991
4264
14765
23515
1633
1153
69
24222
1291
18391
22994
5251
14367
8770
7156
28983
2192
4582
1685
9915
27828
8171
19325
15649
1359
18672
11500
26307
20356
29518
15079
23961
5762
2353
12656
14871
15037
29862
15984
5458
27050
2476
24450
20803
4787
28004
23718
4819
15739
27082
21054
27010
11701
21128
29623
21013
25158
28776
11367
7430
19289
16129
12987
6173
4665
1618
5932
5455
11094
16498
6635
6454
18268
10011
20256
1666
1286
2182
11966
27768
17063
20603
9333
7011
4401
2937
21446
26667
18725
9537
6908
6451
7751
19302
27387
3708
23695
5116
4204
24360
16996
29462
5663
21544
10400
1824
22597
27115
15014
21235
28324
23539
24655
19050
15516
19420
11968
29321
25971
28308
2713
28141
24660
19088
21207
17811
18752
2404
8015
5395
3786
10135
28233
870
24322
12371
2737
10017
11621
8103
1110
18359
2420
17833
11297
3217
6164
18127
5258
28040
16047
24801
8243
25547
14965
4001
23117
5925
18077
22642
17291
21765
25644
5141
28499
12171
20239
27422
7973
25291
18223
20078
21902
14520
27362
7331
25289
19220
36
25714
14791
9743
24096
13624
16802
15062
8654
8900
27044
5226
8346
10752
11376
13017
5410
21758
10835
8475
14574
16191
6862
15593
23682
20050
18034
12043
28906
16087
13129
26733
18504
12111
25776
23104
25447
13162
3586
27207
3674
8384
11556
17477
3861
12886
29195
19642
18262
29126
11797
4794
12161
21866
5424
27702
656
3751
1532
9836
26401
20556
12218
26551
22725
11958
17731
27758
24248
26999
23326
12837
20265
13585
13139
10163
16887
8932
1870
3236
24160
13547
20518
20964
21600
9765
9411
24449
71
15873
10351
4222
13506
13439
15370
18137
24016
23942
29543
29037
26682
7612
19066
4428
18354
15068
9352
21648
12156
15096
22207
22225
14354
10001
21332
1506
7300
1764
8235
27435
27561
29442
19361
17416
24806
7860
5992
4841
28340
10088
19825
14930
18722
1846
26638
21271
9793
17955
25210
18222
19331
25414
22944
23605
1196
11135
6184
29895
9003
19126
20058
13801
2699
6542
25266
5895
3422
19968
24526
2190
12451
29271
13640
14901
12752
19390
23806
20253
3451
26663
16877
19348
9819
7260
8370
13067
28427
4236
19308
23857
6995
15760
27409
8185
5728
17708
16083
19072
18136
20017
21810
26883
2243
22731
74
3259
15472
17335
23844
14059
24426
21804
13960
2142
3697
22194
29607
15880
7416
10540
3903
19817
29884
29827
28302
20491
27178
17493
7764
17817
4963
26768
7641
20249
44
25302
1015
7786
13319
20045
11467
9461
25336
12880
4544
27345
8108
27261
21926
13664
4492
15226
6921
13308
13108
17689
3725
9068
18737
5174
7791
224
15253
24166
21744
27839
638
8520
22346
19286
16030
10385
22626
29113
11452
13684
15090
10915
25851
2589
3029
27836
13754
16072
15856
26536
4123
20508
1045
25579
4308
10891
25472
27356
29419
674
28787
13861
29527
26342
6037
3352
4367
919
16406
24266
4138
8713
5881
8320
23633
25246
21788
19645
29993
6518
20160
25618
27623
21559
6131
26389
2981
1806
19894
28880
10975
26775
29302
5570
25368
11957
19440
8049
21799
7150
298
7844
18996
26271
3335
13601
16480
24906
16313
2706
14604
4781
4179
15474
28121
11108
11075
12193
10619
11901
14264
21361
15003
1409
21900
12565
28294
21414
5333
10355
28795
16130
27111
221
24920
23182
26254
23581
17725
29388
25786
4489
19026
14810
24319
21163
4071
503
10709
12211
11993
23620
24780
9711
25113
29429
22015
29072
23666
15044
27139
12060
24050
15051
17577
9383
1484
958
6743
8675
18044
9171
14606
28919
7818
25975
1001
21980
21898
270
4376
17773
22152
14531
28824
3681
4578
2783
25614
1697
9543
9826
29007
10647
27074
14608
3419
776
17803
28477
25269
23710
1303
24402
12179
14181
282
22400
26486
5849
29392
12498
18514
7375
25751
6580
15459
188
18710
27837
1406
27004
9408
299
6704
7654
8882
5797
3971
17356
5959
27822
28981
24045
19993
12866
8314
6066
1277
24400
835
5444
16039
27858
12279
8116
22267
23423
9756
9307
16743
9751
7171
17779
11952
18344
27391
6773
23712
27173
9717
2436
5175
3324
7771
23865
27644
28291
26967
10964
23331
25580
16423
29338
12002
10359
20233
3932
16086
22186
19213
17979
8290
5974
1693
5802
16386
2503
15830
5781
1233
27479
1678
4431
20985
29086
4280
12619
24891
20809
21086
21591
13711
2540
14719
13254
19841
23492
28435
3731
16536
2108
22453
19321
17545
20577
28892
9012
15422
8286
24843
12822
3917
7141
18384
15892
10545
3785
10204
27302
13916
11479
28122
2795
6088
21915
9434
15711
8215
25258
14208
23161
29631
23367
5297
3396
4112
19857
25256
21170
22241
22032
4509
20199
19388
375
15123
22028
17952
28083
26155
9736
2588
14166
20495
7865
4633
5785
5556
12277
15891
27466
10259
1238
12738
10682
7290
19746
9069
21259
2277
27212
14654
26020
26971
4312
26366
5189
4547
23049
1143
6002
5842
2938
7285
7412
18762
18074
5763
13520
3440
15249
22180
22759
26460
21119
1298
17020
9357
15025
19814
9260
27583
21857
18790
23250
20224
24495
17314
22927
21
25150
848
13253
27734
15402
9407
9557
19726
27114
16350
25114
11318
19668
17947
21092
5038
26277
1548
16621
5731
2720
10036
1673
17572
17383
19
5214
24788
8653
26501
2302
8595
3756
5427
24305
1912
23024
20721
22364
6191
3531
1185
6578
2804
29944
23332
11259
7701
22218
23955
11788
1687
11564
23498
27704
61
26311
11898
9814
15975
5223
1114
4088
26493
1224
23604
13923
15680
17011
7123
13537
104
26702
16444
27571
16221
5679
2686
26648
2224
26465
231
19083
14897
6585
23884
25591
10505
82
5523
27780
9404
16383
13824
11691
801
18581
8739
1941
6712
6858
28417
1744
22050
18293
28508
9309
23724
8376
7565
22071
12584
9236
15653
4098
10428
20868
21958
11795
3766
9902
29818
23354
18145
9075
11673
26303
8667
13682
2471
3583
26756
18990
11042
4077
2797
16903
21479
26011
19052
2359
15702
29693
11546
7390
15915
8527
16829
24058
590
1784
6269
21010
28778
11737
13468
18955
6049
21060
297
23909
17447
27590
4912
9638
12437
13467
11885
20388
7734
10291
2859
17962
4196
1245
25383
10409
1533
3698
16277
5249
3522
29681
9728
20637
28175
16485
18313
2703
28
14761
12854
833
26221
8007
22114
26240
29108
14771
25607
15887
15630
3913
25992
21105
3916
28412
5180
7794
12514
11581
17774
10279
10864
22282
21172
19396
22243
156
21065
15874
28506
19839
16595
8079
15851
21929
21762
3339
20820
9817
9597
23203
19709
7948
2669
3203
25522
12460
26488
22585
2170
6756
26336
9304
25211
5229
12094
6718
8490
17744
17360
27158
12500
25286
24563
10840
29247
1410
25345
26580
27916
12201
5559
25048
29175
14856
20232
47
15204
14157
11068
14928
25312
5819
1706
27321
24953
12076
20530
22434
5711
14518
13802
12847
4735
889
18912
23841
17476
15552
13848
17848
24283
10812
9706
13629
12215
22474
16753
15362
25202
14559
19043
20987
15721
16213
10950
3641
15908
669
23650
19833
8683
6933
29002
23425
19372
21708
27848
14882
8582
21160
11012
8803
8260
18396
17263
25908
16078
21503
15231
2950
6999
13612
19434
25096
2328
6973
11323
28349
29136
14080
7400
6448
27215
26431
4157
26373
4751
7458
3169
19971
23767
17890
11061
17574
139
24529
2885
3814
17489
13417
9058
7879
9449
26207
15473
23949
6219
6305
27683
18617
5126
2226
2771
12501
25448
16784
3384
14317
19655
2453
21168
21320
10848
6551
4090
4768
2080
6032
4035
12646
29456
14263
894
2921
13778
26903
8630
17698
3456
4136
3174
27023
14561
23639
28994
25904
21103
17205
1085
3180
20952
14359
17740
28579
23566
7462
21055
19862
29365
20376
17007
11866
15674
18691
10032
27358
1601
3617
11758
5412
1271
19366
15007
19012
25032
670
7204
4591
21520
24448
7806
23058
16182
13885
3274
21199
22110
26962
20568
24180
6567
28451
22631
13028
17488
6408
6106
4873
3505
12658
7038
13267
21097
14848
10951
20008
29723
29159
15806
4605
5467
15222
10040
20662
8209
19866
18387
12317
26994
1329
28977
9317
25399
28442
3656
305
28852
7055
29441
3837
3288
28740
22967
14939
8050
9562
1745
22964
28439
21756
637
14015
4667
26720
14175
29998
11475
59
1879
6477
13966
22764
15677
11210
25350
23366
28282
2519
4584
12670
6715
15168
9714
14477
29422
25773
3346
22068
17403
17863
18645
23627
20449
1497
29234
26251
6630
19612
18246
26080
10443
28637
16324
17776
11574
14234
8519
10652
2879
8622
4774
29636
24243
29114
17696
23772
8526
16101
8319
12045
18818
4942
9100
29619
11027
7213
17319
5040
21357
22302
13849
3439
15974
23319
2460
4433
16355
15130
25153
29288
20277
25274
24925
21623
28164
24836
742
2115
25549
27464
13298
18878
26508
9113
6426
12758
2916
16204
19422
11077
6781
21245
9569
11884
502
5676
27018
27574
18005
23136
3163
28099
19715
25263
20896
26620
10110
21826
9621
4217
10969
10732
2173
26087
7417
25018
10874
17191
1352
19586
15778
6022
25262
12805
13452
9967
21916
24344
13769
8679
10500
20665
11204
27175
4596
17285
20433
29223
26052
21004
8074
21073
28503
9824
4950
25159
20266
26019
7098
18976
18965
11285
929
7282
16063
16798
1958
9040
3454
3502
16458
1435
19992
24820
14236
12508
16848
12304
22443
4329
10306
12581
18929
7877
829
16209
28683
10348
11960
16067
27263
15870
22128
27602
1629
586
7035
10131
27324
11882
18500
2969
20920
17017
26696
26428
20000
15213
8717
29968
19399
15524
28213
23219
8091
7834
18954
6276
3123
228
2661
11388
25427
25219
11959
22563
3485
20089
18553
17504
11855
600
11433
790
24225
19092
24481
15763
29170
4453
25932
22446
28405
3770
28204
7324
13574
19249
3570
17484
18247
28319
1036
26842
29103
7875
23198
18940
8833
23439
11717
20849
19421
1078
26433
8877
3076
19221
2747
24304
16164
25725
4043
9629
25941
15551
2857
3733
555
6741
14894
3811
11067
4497
4262
15147
12447
11334
8901
22420
15287
21825
14588
3778
23101
7179
12084
19290
12608
22537
6263
29847
11053
4517
26843
26678
1491
8128
7691
17127
4117
20727
12780
11424
7134
16960
18401
3077
6546
9287
3232
20712
16126
25430
567
13638
9419
24281
29435
9396
2293
24310
29110
2826
26975
25922
2831
13796
6525
26360
8248
14585
17144
20991
1854
28428
5569
10322
8998
697
26773
2184
27400
26148
9094
20127
3406
11448
24415
27954
2341
22053
14152
17336
4676
3162
14523
26825
21952
11734
18106
10208
16637
19766
12553
17847
14840
22829
4306
12924
17969
11228
30
6871
621
7084
27383
2565
10427
18625
23632
7291
3357
7916
28061
29270
12533
20763
11324
10073
22237
10621
2180
5558
20889
29752
17131
4621
9067
13125
3581
16056
28953
27316
28130
19276
6650
23061
27444
28219
11990
3269
29077
14975
13747
23371
8433
18652
1600
12979
2624
821
354
29777
28002
8721
11516
9216
27587
24209
23867
11494
11372
19293
6383
1756
11823
8399
27255
17339
14979
6800
20029
5153
14290
4765
22863
8456
23394
10494
3395
21852
14887
8482
3665
3464
26023
17104
317
2041
9830
7686
3544
4763
27355
17505
10410
18721
26810
23741
4724
28201
27443
19300
25706
11056
17070
20099
11037
10051
6140
28079
3205
10108
13317
21400
24393
4879
21558
4229
25632
12606
20976
29839
16916
16262
1590
22832
3388
19952
18961
3799
6760
18032
24550
17296
20092
29642
8709
8744
24385
29587
11695
21525
4452
4900
21699
578
12310
28502
23954
14625
62
24470
16980
23574
27056
3686
20950
20824
18389
12507
3054
2934
20947
29011
9801
10667
14285
16316
2087
29985
1803
12531
12529
3577
9491
26787
7506
874
28383
11772
26915
4902
26651
12434
568
21835
26506
2340
13635
15957
856
13685
15704
182
10099
10607
20774
4093
13058
17573
27792
18329
18464
13082
10801
2163
9666
8420
5484
28430
24948
19201
23558
24064
8377
3112
10183
2817
11531
6329
2506
10333
24985
23121
24852
26693
2536
5503
1888
2573
16280
29604
25376
17800
5861
4332
27495
4867
9797
12771
19607
13418
28781
24127
15696
8307
25482
13407
17320
27129
11975
18861
11008
26125
1470
10251
14757
16858
5305
12421
2959
29841
23135
9472
12773
16246
1130
10776
15061
21709
8948
5536
23462
21045
23407
14468
19211
27950
18915
1216
18103
18528
6675
11109
8042
24502
2948
5606
24695
20934
6456
5275
17266
26140
10436
15864
4615
26001
15496
6119
11030
5712
25275
2484
4702
20203
22818
18116
7882
11997
24445
26150
11159
15921
7208
16138
18778
3611
15344
27824
23562
23054
1772
10613
13908
22664
23527
12247
29423
14827
18812
23517
7297
12901
20287
20890
24839
8255
19944
20421
16724
27320
19966
1373
18126
18933
18690
14596
3580
4276
7379
16504
17786
21362
11387
28394
28232
3149
22712
23881
19908
2393
18515
18331
8618
15092
7906
7835
27390
16308
15927
5920
7325
15561
26403
19165
19848
12719
22107
24623
13
3057
22151
12183
6324
5986
25313
15407
7399
28671
29393
23876
28295
22468
24812
14372
5722
702
1155
8069
3794
4905
3294
28474
21094
26911
737
11977
7003
11749
8123
20412
2614
24411
2920
19057
2208
3408
3684
5162
13228
29506
29353
24648
19594
19568
5708
15919
20172
26902
18144
19342
2793
12799
10708
3334
21133
9002
2365
2987
28123
25584
29152
17328
2701
17100
17905
3462
29863
11637
3976
29373
705
20513
17882
16120
1323
25893
13341
18298
14803
10517
23144
26929
2763
6574
26166
13750
3453
2009
6331
24692
27725
954
18777
9365
10288
10952
7377
7222
27068
28861
16281
7613
10420
6430
24371
18225
6420
12495
26943
16709
19667
16682
513
5821
14217
3895
15034
26472
29084
23538
5572
3285
18883
6783
20071
26601
10863
18478
14578
7578
21257
10346
4526
19103
5496
7211
28532
15395
4330
1167
26046
13626
17661
15454
1815
21656
26594
5482
7741
20453
29992
26482
27433
9335
27235
13671
17064
14087
25858
16566
8224
21965
20112
23412
6653
11010
1228
19053
23649
15396
23727
21485
22278
27397
6868
22962
5477
27242
1119
26364
16542
13508
25649
22193
24269
20086
21153
11951
29510
944
3879
27846
22852
25249
23351
19928
5724
21689
15834
3628
15220
22678
275
24386
11599
25467
12725
14597
1157
13210
27940
5749
2130
1319
13297
21402
21795
16893
16215
5266
26162
9874
13717
11059
9568
28949
19577
24128
14700
26405
11645
21801
14467
501
3075
24377
23762
1724
15986
9469
11578
6673
13836
15036
24701
23925
63
19380
27751
1622
4504
20384
12195
16626
24463
8604
24531
24588
28031
17517
23263
6643
13291
19873
6145
20674
187
28764
11551
24022
18853
8766
29512
4409
8758
27186
22954
23763
26396
19510
10317
16379
17806
12978
12691
11261
4018
11663
28107
16212
25463
26554
3437
8863
26124
5487
20173
3295
4535
22942
18511
1580
26804
11759
26793
6048
11329
26664
11449
12955
5939
14936
29713
17424
15655
28706
284
13911
20332
21412
2561
12029
14568
22894
327
25169
616
27803
4499
22356
22252
20562
18797
20666
16879
5617
1918
2122
6309
27569
21644
12477
7533
13579
20984
20463
22201
16919
8751
8539
20860
4869
25635
18189
15236
29335
24444
80
12842
15006
26247
4637
20422
13372
17636
26926
6287
7852
5254
8464
4800
25845
14631
12266
9658
15310
27989
1838
43
22806
29907
5185
6657
12586
2043
7957
12079
9079
23302
21603
6406
12348
108
7775
9772
19604
20710
17218
25511
4836
14864
6801
24273
2311
8559
12415
18143
11669
6748
11342
917
508
9896
4513
29009
19272
2825
12611
27442
25144
14684
23094
9078
29273
28086
20472
29526
11915
2301
6114
12609
12134
29761
13899
14755
28153
2575
28491
25252
19790
29547
19883
1466
16018
16334
8027
20443
25855
12579
29361
5406
4206
16206
24247
29185
25709
25301
16727
21390
13868
20188
8606
20862
16874
8371
24583
3302
23848
8004
24485
27939
9816
20301
26256
22318
19765
20792
8861
18729
19485
7191
2392
22277
20251
29036
3571
14583
2074
10413
15466
11039
16292
7032
8413
24493
14089
1884
25255
25099
9771
1545
21422
19859
2333
2117
6193
27431
16763
17856
3840
21137
28518
24896
15940
26115
13749
20104
450
19500
344
8560
11003
19189
19305
28594
16027
2668
23782
14940
24452
11313
11697
4127
4199
339
11816
2754
2902
24676
435
26614
23885
4414
15397
6636
27025
27847
5375
12573
5817
2874
22136
28331
9873
24162
17858
11831
7558
28974
4808
29119
1072
18300
7750
3887
8457
29738
1907
16775
29295
17742
1171
25721
29792
23384
16735
11764
19404
25801
28834
12154
22629
23914
19287
25671
8930
21979
4171
8671
29844
12765
16894
12100
8025
22224
7193
12845
5225
24981
24187
1120
13080
714
14416
20288
22419
29504
1388
20259
146
9582
12967
22185
10076
6577
1392
21012
18543
27301
28837
10138
12391
28542
25061
2514
24704
5495
1330
13013
23421
19524
11985
2188
7499
6417
10802
29796
6009
12929
3343
19609
14476
20195
5669
28849
9291
3738
4454
26157
22722
9821
20057
5630
8847
2020
18669
26249
18854
1516
15697
25667
24741
16948
25398
8026
16959
21607
3850
5030
17332
27933
19257
15242
9092
18662
1991
13582
28264
18388
5246
15829
7753
18012
8200
9177
10021
18649
21675
29117
28603
2996
29698
4795
8768
8655
21976
23108
27094
21025
27934
4586
16042
12796
12212
14159
4241
12299
29100
1612
6500
18250
13957
16845
5903
1377
18240
15828
6731
15184
12189
21269
10006
4416
24707
1480
14955
4473
25200
9153
989
25762
23502
21827
13732
11430
7638
4255
7067
281
18844
25852
20631
12380
27741
25633
13738
8140
6637
5921
9442
21378
17519
4618
24865
18085
22763
11796
6015
14026
8977
12274
2729
2283
19950
21212
16240
18556
21447
18998
7240
1525
25677
6070
5142
25890
13745
8996
28161
29845
10214
8532
7926
21914
25895
12057
2448
15451
23051
19503
16884
18093
14880
7996
21300
7724
7226
10837
24197
15102
18646
7060
3741
4580
1292
15841
14579
6458
8333
7726
397
7556
22045
3626
24353
7636
15755
10645
21838
28968
9959
12528
13816
17368
21484
9733
28873
16432
733
27293
29983
15349
25816
14430
4250
12024
25986
17841
5077
13675
9770
12592
14929
8154
28693
9863
20428
27354
19394
27011
3999
29766
4889
29055
20040
22833
19780
24392
23887
11899
2787
12028
27091
26572
29078
24617
27961
15093
117
7718
16371
23790
23730
29537
11657
17452
23176
13999
25666
17888
8608
13558
9942
27970
25951
12295
26096
26938
27122
16598
8685
6376
24150
19837
22970
4575
20263
28985
13600
21728
1501
26452
23473
13622
13020
16363
21027
8233
2168
20113
16945
9634
29649
3849
20511
4470
13993
908
12502
14029
4903
11321
11454
12031
17283
23540
10729
21627
28155
5906
15683
2587
2853
10066
5888
28585
4089
5210
27744
11890
22249
27713
23656
16593
4292
21818
28622
12026
14994
9516
23372
5137
24004
21374
2348
26141
23222
19597
27485
3685
13829
230
10396
17409
21120
19896
27821
18708
6818
17201
23853
13481
11999
3014
11404
14404
4925
10458
2496
21813
8157
16776
1370
1452
28997
19295
22891
3436
21917
23285
2554
6473
17589
16460
14623
13393
4874
20352
17155
24885
27910
1876
22655
20054
18221
16552
2380
12525
9077
1336
29877
19068
26950
28887
25380
24093
25315
20214
12735
23507
27790
29265
3982
25003
3588
22147
15981
10482
15964
19863
20485
2854
691
276
5206
7063
3111
1350
27778
11861
16906
23673
25867
15067
1147
24541
3597
18352
15545
26013
28921
4340
24282
13865
10219
24412
14888
18341
13942
18267
26346
23945
22558
16872
7259
24877
22003
23883
2663
29741
24174
25659
13655
21500
28936
26106
21620
6789
28225
5582
1936
1971
23738
17753
8561
16702
26581
24712
4028
11481
18994
6566
6273
13345
8100
8388
16245
20980
21844
27717
28272
8143
29003
2526
5287
23670
14533
11343
16666
23521
6292
15065
22309
21665
10008
2522
21770
15199
2467
10735
6323
21363
1274
28544
27167
11272
21988
6247
26952
6213
22912
1259
4205
16425
24256
18202
2567
28102
6874
2897
28614
27611
4807
13144
23178
23146
28619
20002
9458
28735
2848
6099
12059
26483
29148
10140
6326
21301
10558
27693
7812
26215
22073
22202
4209
1499
793
12991
2930
26694
24274
27021
21011
17084
11289
6462
12524
14490
26239
3534
16769
11214
23967
24389
7330
12928
18276
26774
9623
3623
7861
8521
27015
23241
6923
20368
11791
17910
27003
21196
17185
11553
21705
8902
23153
25063
11279
13173
17239
7218
16751
2191
8613
12390
11190
26790
20685
9662
21937
20604
12302
20028
10684
16795
25560
18827
2445
16197
10691
22931
15557
14461
257
25764
17548
6074
25536
19477
1434
20157
25037
17514
27352
29925
1554
22526
29155
12798
28464
26772
2381
16237
24882
9463
21482
10778
11222
26859
2499
15934
11391
6198
6047
19463
4806
10423
15436
8145
13148
22877
19039
18855
28816
29228
7903
4426
17352
23770
2095
21579
5782
14182
16024
17150
14077
9857
10
6803
6250
23360
23533
3425
19160
27641
14546
26789
17226
26834
3101
24513
27469
21327
29567
16923
14857
321
9348
17945
2814
13676
15904
19123
21391
1187
2355
14488
1613
11117
19563
25175
21661
3412
13030
10180
21698
4640
16774
16981
21247
2461
15866
27830
25691
14064
17759
10197
932
5370
959
1873
1004
3935
18639
16701
24
7454
16876
15383
14385
17808
260
22716
13660
2883
23799
26454
22689
19468
8967
22615
28552
10808
23075
4750
10185
1883
9708
4664
12504
25199
4448
14039
29879
28315
8872
6839
16781
23301
15916
9187
4571
1219
29350
25080
149
11660
3688
15571
7099
15758
9815
28404
10731
9179
16982
21775
20328
26822
16057
15012
4837
21468
11226
19961
29892
20260
16581
21293
12576
11046
9436
5508
23175
29659
4957
27535
7443
6169
14536
998
28244
3070
5598
3596
27269
19529
23318
25358
3248
2491
15288
21575
7645
2954
13055
13772
27411
12803
21550
2384
14309
10550
11670
22583
25047
16696
28326
21384
13700
4723
29996
361
25013
14210
27399
3530
13821
8928
24827
9963
15166
25005
24001
3933
27098
16675
12774
18458
9850
2377
14400
12149
25707
1440
12881
25446
12754
12001
3141
22317
9329
24797
15608
28923
620
18197
8585
21312
12823
3655
13773
28567
24603
16544
2193
17087
18607
15058
21815
1793
6751
473
17609
11295
1374
10632
20730
29665
11332
9465
7064
23138
4673
5067
16236
18935
29515
8470
10347
11633
21928
25125
24239
18102
6953
16433
8018
7112
5152
27612
3452
482
16105
12763
25803
21872
16661
1096
6011
27491
18726
22527
11344
10045
21688
14013
27280
22742
19664
18427
19229
6594
27978
15914
5461
20164
19534
14118
6680
17079
1783
13243
10849
16846
25155
16125
17136
2889
18395
1520
4588
20752
7073
5934
4107
19170
20020
2137
27649
18301
7987
5393
21162
21227
7464
28946
26018
14944
13238
24418
8127
23661
20613
19015
6906
7728
18210
20130
29337
27113
24161
25557
18039
24864
22076
13311
12382
2318
13881
28535
23591
14419
8633
19391
16785
2843
15021
660
4552
13729
11035
2616
13680
13143
170
18802
20927
27620
7241
16580
13431
10484
27497
6010
19507
3966
16892
4420
20895
25226
6136
19885
20230
15777
21890
1083
25475
23992
28497
6097
23528
14538
2518
244
229
27034
4455
25279
491
10789
26573
19447
25957
27865
18493
9145
1542
25055
15278
7912
634
17313
1150
9064
24894
10160
2446
26414
19665
28388
19585
9746
22144
5278
1849
8269
12402
28263
12328
12301
29267
6947
1201
10489
10454
22100
24979
9741
13087
15388
15372
6601
1509
16413
2149
24192
5486
29161
8943
5023
21090
20954
6968
6257
12997
17298
15413
28868
15238
10600
5318
8411
11934
19112
13310
721
14876
8516
23239
17450
26206
9225
20279
10672
3477
13395
4115
19406
28897
26156
11771
26995
20380
12241
6375
22321
8261
29622
27885
10889
420
21632
8774
24079
1163
14278
20800
12610
7487
23419
13364
21093
20541
19946
14495
4625
3645
29024
24432
24833
24721
22746
16617
13433
9982
22056
27930
29508
5110
452
2974
20095
11905
583
20607
15155
1625
7627
20527
21982
14348
11938
24328
15735
1134
25481
5049
20481
21104
17521
777
2179
24286
11130
27579
7598
28959
21653
10429
17713
27313
662
19281
1874
16321
6248
12839
5340
1128
6424
8177
5661
16863
18959
17590
9829
16124
20512
19392
16162
4384
9047
28313
16999
29764
27027
9985
8491
15143
9227
5776
13421
24500
24530
20065
8925
18405
17904
27381
14135
9595
25847
243
3489
26210
7991
22506
4753
25021
8658
26717
23466
4915
129
5838
3048
12219
19471
6554
4721
21574
18832
7228
27392
597
14617
26816
17432
15925
20591
24964
2481
19153
17377
8412
5248
13180
6706
21993
21319
19925
805
26829
17535
13466
13741
26799
25123
13405
20466
23820
8503
5242
22230
21985
4297
11063
4411
21417
7471
26235
26213
13099
29523
813
2236
25711
24476
24472
3007
12320
12262
13694
14967
5433
6484
3870
19124
13140
5682
18773
1429
28864
20336
2555
15495
911
10285
28343
8651
23377
29680
5565
846
1079
3222
17513
9290
5760
28036
21991
4288
2891
9670
16636
2528
3787
5928
21734
8400
24823
8853
20990
11825
6911
15627
4842
26900
9325
6151
19718
22943
20241
4739
22058
21471
21588
7336
27982
5384
5466
720
7711
24125
18252
29908
18419
25218
13222
29222
21115
18958
16122
24679
25179
17469
4656
20007
26942
26438
7081
3262
29479
836
26490
22342
12246
20335
16462
16123
5575
302
29042
19861
6298
14912
21636
23577
4032
24257
29135
9606
13959
20753
12511
3219
3555
24233
12604
27753
15405
5803
20649
28586
14076
6384
24408
20903
25525
13968
8999
8366
15515
25959
17310
11472
17581
12808
9673
27981
15338
20273
19045
25215
28364
28737
25754
27357
26214
7933
25913
10324
22505
26234
3633
27838
12308
15669
16604
13583
13451
23725
11763
22916
23486
17919
21106
8358
18664
15996
3300
10811
23350
25840
18957
26158
6464
16677
28214
4293
4884
6564
13921
3325
21062
24671
27104
27315
1225
16059
22204
8427
17067
7368
25314
22014
19058
11881
23077
17793
6698
23344
287
11113
15795
28124
5342
18133
17111
22408
20572
8945
5935
9370
4382
18369
20581
27038
25788
24984
29904
4311
1534
1260
19942
27635
10546
8337
16554
2502
13361
18119
8095
20908
10311
27772
11141
1662
15575
4679
8379
29399
763
18437
4368
18397
3385
8556
14658
29439
21470
12069
13207
17294
23742
12927
6826
18682
13409
29057
1295
19865
14987
12072
15334
21589
17875
6335
13478
21275
541
15313
27326
4494
11049
220
7103
17443
8642
28762
20782
9955
12787
10013
5122
7798
25720
9773
23062
2919
8129
29811
28763
3771
9531
8403
16195
22416
12427
9162
26582
8799
26512
15074
7925
12367
7944
15197
14255
18245
22203
11980
1138
7618
21967
8738
21415
6407
25212
3032
14312
9916
14942
9941
10168
12412
23825
21444
28986
28443
5878
21144
15534
18051
14964
7885
15305
24832
3247
11870
15799
1950
459
23433
6639
23683
14974
24088
28818
11230
16369
22190
28667
14580
6175
1845
3146
13037
21849
20403
5161
9889
14125
7561
15729
4850
12327
5911
19639
26183
8354
15488
1089
29004
20891
12261
3227
18540
3576
96
12510
5720
9361
21005
26880
4315
5344
6984
14807
10860
13947
23758
28752
20795
2125
29503
15566
12877
22461
8594
1909
15400
24615
26924
25961
13326
24910
15922
4917
15379
8954
6987
11654
16274
19128
4052
6108
7644
26456
27568
13373
395
3585
9989
26359
10961
20616
20210
15423
17782
14738
17198
26610
6938
13697
8795
13429
7449
931
22098
4490
17926
27991
17433
12359
13598
17088
28303
6869
363
823
12118
17188
23723
29566
22051
8581
24684
15192
204
21460
23861
21907
16564
15960
3405
25978
25334
342
26765
20531
12461
6988
21351
20683
18172
19355
6561
12720
17211
23120
28932
6153
10824
6555
3820
3192
13283
16285
18442
24705
23036
17537
6498
18567
24199
28424
21069
23747
7085
7302
2269
16477
25449
12513
5887
12288
4992
26653
25939
22020
16900
2717
15122
6474
11738
17559
6666
13591
8746
14436
11601
7163
10212
26146
24725
3795
7414
13424
3179
75
5691
27349
22990
26395
7422
9580
27012
14126
4524
5024
21750
667
15750
2072
24115
9169
27415
423
25455
28967
12067
27472
19987
2738
5293
3
8830
27901
21806
20167
19514
18428
29753
5893
6558
13430
28790
19716
1699
10638
22048
4893
2940
29162
24245
14379
27510
21371
17025
7136
4339
8593
8393
22351
7531
27743
13892
12470
12127
16667
11412
25530
27084
12119
19067
22778
28596
13340
6428
24693
24447
26042
23516
2638
13459
14535
18037
9289
26875
13809
14752
1137
24783
24109
5139
11794
17703
29580
23012
22417
1861
6195
27889
12306
11799
15955
1781
7599
22049
11972
17824
19110
18562
9207
27842
24819
5276
10664
12227
10189
25244
13565
12200
12547
14891
9854
10766
15230
27867
15770
25902
12642
28273
4779
18967
17618
10942
14025
21777
26529
1753
5183
10249
28562
23912
1047
22328
22636
12958
13919
7197
17898
12519
6944
8231
19119
15309
10717
10379
5343
9654
20440
20144
580
20278
18842
26863
8180
26083
5390
23274
6115
418
3621
24298
16037
18586
11122
13005
27437
14522
18513
28387
679
22320
9944
6410
5568
3002
21380
25213
14802
10618
16478
15483
2600
26100
24055
8931
18024
22765
13603
15723
23698
3242
6216
28516
27759
12647
13726
5194
14037
18134
22619
20825
26357
8848
16941
17498
16103
21316
26537
21251
23448
22327
23086
9546
21489
2833
13536
27983
6970
1116
8105
10700
13992
15817
26990
26062
12594
26061
7496
10885
25544
2570
13725
18558
17539
16711
15437
7041
9450
10280
4928
29696
20459
14038
8649
17323
10986
28979
9997
26744
14389
26105
18509
2219
1518
27401
373
19762
9476
15889
27366
22471
196
16208
24265
8570
14993
1421
25130
21273
2146
7586
27607
18550
3666
8496
934
11183
12316
13437
3735
13260
18563
24881
27097
17167
20215
24102
2868
9285
2490
1754
29079
16497
16084
10980
22019
6155
5818
2478
22212
810
28993
5929
2612
24624
6759
7725
25876
27689
24366
14624
13862
20961
18928
7107
5678
6425
2755
11527
4715
1127
17677
336
1761
1433
25033
17253
20634
5717
17483
27864
15614
28108
23489
6729
29220
380
27490
11465
12033
24137
4099
13742
10020
1583
19375
527
16064
7914
23046
2727
12830
17334
21061
7868
3589
5589
15178
26584
26088
6061
15765
9549
9221
13683
27656
24995
17823
6476
17172
26473
10460
10084
1967
22192
6963
17770
3374
5809
26022
27140
14024
4377
8927
22172
25444
9986
19691
3587
29111
12168
11715
8064
10497
18434
11072
23980
13701
1648
7692
1108
23431
19683
5493
4563
7661
3377
15150
27164
26858
19169
27163
19001
6670
9438
5151
25859
23704
28352
26538
13524
21348
2952
25019
3430
20193
7482
19935
8845
6849
7426
20641
15367
28410
9716
17862
3438
2068
26640
3967
1902
27007
20549
14100
19282
5810
23973
20686
1674
11919
28403
8296
6855
17711
18666
24085
22978
9981
10568
19535
24652
4898
5087
19265
29391
22236
2609
28446
22283
28137
6822
4027
10031
21973
17128
12432
3568
17637
24694
1192
4122
28958
14341
1091
5971
25007
17008
2154
18190
25865
25102
2764
20700
28007
1734
5991
6980
2435
15535
16928
17889
12494
8961
16515
11940
8990
15620
19243
28865
5552
10170
26320
20168
13839
804
25268
222
12521
3720
54
28391
7696
5358
5689
21760
5262
23953
7675
11307
23559
18831
3526
3659
26528
4310
18517
15421
7717
15554
7299
6401
9616
2881
8019
29121
15779
22859
26987
17633
19073
18128
23341
23814
21123
13766
16978
26094
7979
13448
7595
29389
1025
4949
28669
3005
12935
24667
10873
3784
27610
16424
2343
14391
6336
7619
26577
5697
19913
23430
8612
25515
794
964
18968
17733
9996
5864
23010
4666
18142
25177
25184
21837
1126
8687
26269
3648
12115
14720
27330
28621
13494
259
5362
3793
8789
1654
24758
10005
53
11278
11263
8434
28899
10826
25267
18705
20996
25616
28106
20654
6308
3364
3237
7859
3345
1778
10058
22523
27996
14878
25272
28658
23607
6640
22191
9277
12523
19589
7224
29180
16167
17985
23273
5517
11667
11687
12722
8701
8099
26032
25631
22210
6647
27505
19227
6943
4282
3798
10570
29868
12989
1189
29850
25234
28975
4610
27509
13085
24509
671
9827
2114
27065
12239
7438
25167
27801
4861
1906
14506
11438
1957
5550
12185
29227
19089
16301
8994
14734
7755
23536
683
17415
14817
11048
1039
16917
14795
18414
24917
12737
2044
21427
14783
21587
2632
29718
14305
10913
12781
29384
12715
26557
17183
3458
25996
422
27902
14896
15430
22821
15562
14230
29754
16746
2688
14374
23217
907
5186
24275
22531
18294
6656
8767
29808
17441
9653
29939
11832
11724
7867
25303
27252
19047
24553
25987
6055
12176
25495
27136
977
8172
11593
3400
29632
19339
15667
8028
29187
12827
26801
14063
9126
7918
20806
12980
27666
29276
17569
23893
21445
22198
11206
17872
15794
19741
2052
25400
10612
2820
18993
27346
6753
11751
22232
60
21122
15385
28393
18630
20725
16529
6755
28629
27762
13227
29952
16244
22663
6503
29760
136
10905
20524
13614
15080
18265
20645
23229
23940
12074
2882
5021
1266
14529
11459
21548
16691
21953
41
13759
4064
16187
11784
10713
22260
21526
10030
4937
22006
16068
12254
6282
6627
9687
4387
976
28945
17576
2396
12344
8144
28943
16416
24217
6557
28413
1670
21403
1982
25837
21501
27385
18146
8199
17925
27473
4722
5205
11703
24980
6409
29861
5255
23720
15481
7609
24847
1226
2722
5639
7093
10091
20484
17126
6886
3250
28517
13900
16657
5529
12368
8065
22310
3723
29414
2313
7277
3595
14814
17234
11407
12005
10758
8189
15619
8463
1975
19753
1035
8480
14918
10695
14336
16484
14613
21822
16088
4442
20655
9493
3322
4954
2590
12082
23173
17062
20916
2667
3954
2123
27447
19554
2344
28955
6110
11878
18336
22900
18167
9858
21565
24063
6511
17700
17288
15687
19652
11983
8325
24320
13226
3864
23065
11082
3187
14963
24798
15967
6039
11487
27283
29735
4597
884
20563
5509
25024
10269
28281
24969
27377
23575
8621
8661
6971
28891
24329
15264
8772
2387
17751
2175
20923
10995
7071
26882
5156
2162
17236
7984
18050
16183
5306
12221
18657
2836
3256
21968
14162
2865
28071
2623
16141
3601
24757
186
13964
18002
594
24015
22031
15759
21129
15081
7593
1207
728
19661
23215
3085
14134
14314
29428
10594
23038
19540
21240
2029
17987
6581
17534
8252
23612
22582
9029
4379
2295
28918
21939
12965
24043
3340
9901
20846
11156
663
28761
10072
1142
5380
17431
1212
11704
13083
22634
1380
29549
480
17933
10421
15424
12457
17525
28785
1808
26113
19681
5876
26275
26741
25494
9448
29970
8311
2734
18296
715
9412
24201
10240
22783
11782
2415
11476
26058
26322
9729
20355
13627
17706
15865
14403
29871
496
21596
7220
15302
17232
20723
22776
3282
10902
19919
24358
28641
12562
463
11943
20202
7610
23739
28758
8867
3142
4560
19075
10321
14576
22365
27754
9165
27052
28421
25503
21876
8828
14946
28915
5350
5480
29856
8131
16051
28074
29326
4511
9698
29826
19811
28118
27674
23001
9548
29876
3019
11733
6996
386
22856
17331
19005
15591
15327
9354
11119
1634
29323
3043
19306
26742
29080
23297
13325
11688
11096
14713
17921
7279
1562
12804
9936
28235
24003
20620
12281
12004
12850
11403
3783
7625
13512
29
27078
3634
19764
14497
14112
27909
9677
3803
16664
22323
26051
27142
15584
14474
4944
19082
3616
25261
25178
19385
1913
522
17585
12228
16288
9263
1951
10814
15793
8997
8583
26615
29728
18014
20262
390
3129
14769
17152
9833
29783
19901
2822
103
9197
24933
18803
18452
8619
26353
15477
19624
10019
27375
11752
22885
23089
24777
18160
648
19610
22489
4675
7435
5490
12019
9690
26225
19444
27862
4484
4002
387
28467
14056
9
1333
21009
29125
4285
18689
14610
20026
25587
16421
26041
14074
29346
2181
8051
1488
10561
6352
24073
24131
22303
2824
25935
1900
28874
16793
23451
8788
28679
21680
21895
22412
17767
17021
25465
13534
28465
29287
9929
11271
25207
9401
6314
3064
27149
25832
8258
17941
9823
23335
13098
8723
10917
3856
18435
24602
5367
7761
20379
24070
10651
22023
6260
11331
5954
25139
29092
13941
20414
22750
6912
23702
16805
7796
26280
17121
16747
20023
2621
9292
384
26301
5671
27775
4397
5054
11069
6208
25107
17883
8306
8763
27992
4502
9231
6396
16895
29891
26821
26657
23162
8609
11994
1955
19751
15691
16915
1765
29534
9675
25129
17453
10354
26006
4783
27340
5969
3516
20049
5824
23325
14651
1636
14294
20377
27480
28991
25283
12957
7535
7792
3835
357
11066
466
15718
12265
10910
8557
19042
24728
15073
26826
11739
22052
16005
7380
1489
8820
25331
7043
23380
28479
4121
13511
6495
18740
15917
14517
1513
8277
5499
26597
11582
22820
1109
12203
6694
16620
429
21036
17564
25452
13425
13221
10643
6231
20186
10092
5611
4132
28841
9513
6112
19181
25818
686
26706
23060
3984
3382
4343
8360
7876
9886
23786
29913
29685
2811
19329
7671
21912
15306
4743
4460
11879
27463
18724
26255
13794
20475
11857
8836
22982
12251
12428
14513
11350
6052
5062
14793
10896
4960
16588
28765
12073
27650
14622
19446
16440
2544
403
5190
19102
970
21634
2235
14915
28548
24034
17939
2274
3959
28710
26592
12859
27289
121
17068
12918
6286
9712
21888
17695
28687
14545
25696
28590
5875
27211
8972
10983
22794
5623
3608
2704
14274
22695
22641
25349
21513
29928
27589
11254
27967
25173
29134
1755
1920
15107
3749
21997
17315
28509
16911
20642
6875
21531
19148
13593
22242
1592
11395
12091
12734
3024
29889
18376
13948
21647
23022
18587
10203
22487
19464
12948
29181
10803
13917
7832
22515
6854
6682
15731
1184
14584
15153
5504
19118
6850
25550
26305
28052
12287
22220
2086
3706
18974
4333
10335
17629
14233
13010
20838
7046
4997
6313
16983
11557
24841
26287
29898
4972
15849
8483
24059
15720
942
2971
10855
28207
24887
5807
6017
15188
18327
3375
6847
3055
4365
1492
14084
15541
21969
6209
6936
12485
24635
24023
25900
29833
12832
5541
25115
4603
22522
18975
1202
14307
1972
29768
15011
17041
19074
23208
6044
15171
24927
29804
5069
6390
29499
15214
18936
10315
22206
17679
2165
2212
8024
766
9678
20787
10320
4548
6572
8563
13215
4190
20432
7562
3012
12566
13869
9559
22573
21733
9910
20966
14043
4924
8584
5524
27825
9883
13420
9750
28773
14750
20075
19251
145
21139
15023
23348
25231
25241
668
2778
13443
22701
20272
25492
9601
9337
2439
10226
6274
13050
269
19322
17437
7394
29157
18090
4304
26570
3471
27047
24899
13790
12932
18333
14020
157
6608
19484
9336
2281
17072
11162
10734
21566
24921
412
19772
12454
12856
24299
17600
3208
5339
13338
20405
1451
14952
9907
21931
5360
12630
142
25965
25809
20695
5025
7455
11120
3775
13554
7184
18332
5211
9991
27507
20812
10705
18000
24935
12872
25462
12407
16451
19647
22395
20424
5434
11234
6780
3279
17626
2431
7167
27654
27414
1107
6622
20498
5553
13095
13368
10907
3529
13376
15907
5273
28827
5179
22569
815
10696
16921
20817
3444
15163
5880
13043
15440
4599
212
10309
12276
19906
13257
3863
3989
14242
8352
27624
28382
10095
6244
3167
24120
17738
7385
15103
10243
28133
17611
8473
3890
14541
6860
27332
27219
19256
2
3625
1316
1726
4119
16888
7005
19473
4450
19376
21483
12655
15950
23056
15140
2003
26217
588
89
14934
29699
21492
13284
5491
8390
25914
6945
16343
7402
25083
21870
28022
5055
23444
15110
10459
7526
7138
25755
26867
28401
20951
28904
4247
22561
10260
3080
26542
29425
26369
14721
10866
26705
13983
2084
7319
19898
4701
8124
23027
12829
27504
16500
10591
7928
2636
6872
11496
17255
6641
9124
18869
28922
15513
15470
10762
8978
22187
26848
8513
5165
24544
15480
16533
5665
15239
1270
26434
10179
12466
28165
24173
21375
5302
5816
10791
18694
6246
22024
16577
6333
2207
4278
5351
11555
2846
24794
21230
28176
23224
14644
100
16559
16100
6834
15792
1144
2056
1430
3061
4518
10549
2016
26639
1895
29987
23570
27072
1658
13744
1963
16619
10319
4797
23976
11458
19587
9421
9536
29524
24290
24018
13178
18937
3476
17783
19163
3041
18343
1719
8662
14858
2997
28321
7102
9962
10740
17975
15825
5870
22928
25603
13458
21740
5469
25028
10380
9813
11614
5464
9312
17094
23275
2368
747
1691
25628
20142
22882
28251
5716
10799
13370
16614
23031
22592
16571
15879
16445
6339
14185
1338
7033
10162
18841
25088
16680
1164
17900
1389
22078
3000
15740
16231
23438
16151
24903
23478
7245
17563
4248
26325
12685
16671
1055
2591
18526
26905
7869
16318
22250
23484
25853
1610
12188
24589
983
144
18829
11340
5820
9840
11566
6607
2152
11497
13986
20318
4682
27670
28058
6421
10266
26068
1399
27622
5181
11368
10174
16396
21221
6466
13320
6315
9086
21256
26110
3506
15784
15605
19822
2310
21924
5767
13415
25915
4969
20588
692
18326
12897
10805
4803
2529
9091
3866
558
26738
27298
1713
17790
14895
7014
3148
14179
19856
20361
10733
8695
15215
4105
6386
8350
28261
16518
18953
9048
24913
23692
13587
4773
17878
14481
14031
13604
27878
6235
20101
15958
2220
12384
9890
14760
27218
5514
28916
3554
5166
16163
27936
23397
22195
9026
16927
8191
10738
6057
19094
3238
15836
13928
5377
15281
2292
26567
3402
19752
18226
22817
11936
22596
27763
14831
13688
18907
3119
28432
13781
17821
6318
10562
18191
28146
24278
26184
20441
2849
29344
7337
18786
8545
3166
1560
16850
25386
24306
21817
2951
6073
22297
11659
4832
17956
19465
10577
13837
20333
11365
7573
14392
9541
5146
22666
26896
18274
17119
22687
5271
13873
20593
14540
4092
21458
28746
1620
21475
23794
27932
22262
14223
14079
14014
18171
28741
24688
23481
19973
12986
13577
17096
19445
17027
11246
9310
22756
21868
13471
5422
1575
29412
2559
8987
14773
18356
12755
4133
4258
1623
11579
7263
7685
1325
14298
20387
9682
27659
28714
13032
21204
24542
10850
5604
7968
6877
29890
993
26289
905
16639
3912
27549
310
17719
15992
24117
29241
29789
19967
22540
20477
5845
10111
26776
29151
2907
28110
23937
9715
20621
20878
8689
731
6735
4897
28257
27303
10794
17791
23388
1651
21109
27863
1606
14695
27640
4570
8719
16613
1076
6447
3494
5829
16729
21118
12749
14201
21614
28173
8663
137
5837
26282
2799
13642
6138
10386
3567
19505
67
28089
21205
12379
4065
2407
18707
19161
16989
27222
968
16323
2268
21459
7232
29560
15665
14345
26947
16853
2715
29634
24252
24153
4153
16995
8580
24066
20097
3052
17578
27524
27013
661
25790
308
23002
14090
22948
23824
2488
20098
28209
18451
28338
15791
12728
1987
16930
8916
27653
19921
20680
17934
1628
13906
8317
29334
19698
6517
12915
3885
11196
13619
18800
12848
15458
4695
15650
27395
17009
3309
17584
26163
27581
24878
7155
7148
23485
29915
22913
8218
2494
27598
29336
12814
22459
20811
18859
20417
1814
4719
23571
2383
10164
15884
22793
13761
26818
1043
10822
29924
20344
13111
1914
18183
6687
18765
18441
6118
8293
20231
18633
6714
26644
10831
18061
9990
17506
19559
20418
11314
28589
15358
9663
20488
23334
8486
2662
4805
18914
14609
29436
6492
27708
4085
17715
28707
21855
16656
28677
16797
5485
22258
13631
21023
1405
11178
23243
19945
13035
21742
6828
3727
15052
15977
955
15108
16060
26755
9359
15749
20373
5799
29303
18653
27593
4252
22567
22367
9193
7017
18948
6076
4709
1009
5106
14731
4868
6632
6697
9417
29264
4165
18120
21285
25663
14973
24909
22163
1190
14075
15738
17207
16752
6841
6183
29292
4240
26257
16479
13608
21781
22379
26117
22430
15216
18665
25750
22555
25543
13913
26161
14164
7087
11466
9655
24390
25146
21091
12430
12790
27046
28009
7104
17480
24517
19020
472
2983
23482
3709
29995
18894
20274
24021
24677
26014
4592
17387
6363
12649
28091
29188
