6155 23661
2168 27753
0 14461
0 29998
0 21390
0 25669
0 12301
0 24499
0 29998
0 15919
0 11731
0 21835
0 29998
0 24209
0 26826
0 29566
0 29892
10789 18986
1134 28824
0 27529
0 10217
0 19213
0 23966
0 24911
0 15627
0 29998
0 16253
0 24550
0 15081
0 29998
10454 19265
5520 24273
0 24741
0 29998
0 9636
0 29998
0 1228
1991 27910
0 11695
4956 24826
0 3863
9401 20356
0 29998
0 24016
6029 23790
0 29998
0 11890
0 29998
0 29998
0 27725
0 29998
0 29998
0 29998
11999 17790
0 20002
0 19691
1798 28102
0 29998
0 10162
0 28244
0 17875
11797 17945
0 18003
0 19658
0 2878
14112 15593
0 29998
5762 24059
0 12119
6097 23712
5829 23967
0 19481
0 1429
0 2669
5324 24500
0 29998
9621 20173
0 28040
1464 28435
0 29998
0 29998
0 29998
0 29998
0 29998
0 22047
0 14920
5573 24218
0 26205
4196 25614
0 4123
0 29998
13813 15884
0 3172
0 29998
0 8802
9317 20433
7933 21834
0 29998
8788 20908
0 29998
0 29998
0 29998
0 20923
9493 20272
0 27023
0 29868
817 29119
0 4455
0 1259
0 29998
8694 21013
0 4724
0 29998
0 29998
0 28638
0 29998
0 17111
0 29998
0 5171
14814 14920
0 9444
0 13951
0 28794
0 29998
0 15619
0 29998
0 25819
0 3388
0 29998
0 18430
0 29998
0 29998
11985 17796
0 12391
9706 20075
4640 25126
0 29998
7155 22544
0 19822
11289 18434
0 17280
6022 23799
0 1600
0 19953
0 29998
0 24445
0 29998
0 27967
0 29998
0 16906
0 29998
0 2396
0 18902
0 28831
0 22957
0 4418
0 25130
0 29998
0 20531
0 13913
14623 15079
0 28658
0 29998
0 13731
0 29998
0 29998
0 13772
4119 25686
0 23425
0 4701
2529 27366
11697 18051
0 29998
0 8943
0 29998
0 29998
2458 27426
0 12320
11272 18452
0 29998
7356 22328
0 7803
0 29998
0 3512
0 2268
0 16424
0 29998
0 3735
0 29998
1771 28123
0 15817
0 3052
0 29998
1793 28108
929 29004
0 22913
0 5903
0 29998
0 29998
0 29998
0 13547
0 22084
0 28956
0 11866
0 25048
0 1556
0 6131
0 8901
0 27302
0 20098
0 29998
0 29998
0 29998
0 29998
0 24329
1126 28840
0 29998
0 20484
0 29998
4678 25095
0 29998
0 29998
9896 19859
0 29998
0 11109
9126 20593
0 3015
0 27909
0 16145
0 3237
0 13405
0 1120
0 29998
0 7675
3775 26046
10915 18883
0 7852
4893 24894
12922 16797
0 14312
0 10568
0 23377
0 29998
0 29998
0 29998
0 26126
0 17695
5623 24173
0 4618
0 11210
0 25448
0 18454
4205 25591
0 20022
0 10731
0 18831
4371 25399
12031 17744
2891 26997
0 25230
0 12641
29 29968
0 20441
0 17677
0 12236
0 29998
0 20868
0 29864
0 6782
5384 24445
0 21795
0 15549
11990 17800
0 29998
0 12845
0 29998
0 29998
0 24059
9616 20183
0 29998
0 3149
3056 26826
0 17736
0 27324
0 17740
2396 27476
354 29604
0 29998
3835 25965
1726 28176
0 22058
0 29998
0 16056
0 16363
0 19325
0 4728
0 29998
0 20172
0 29998
3056 26826
0 29998
0 28919
0 6963
0 8847
0 29998
371 29574
0 23412
0 29998
0 29998
0 29998
5827 23980
8273 21482
653 29327
0 3959
11857 17910
1212 28737
0 21445
0 15704
0 29998
2436 27459
0 25873
0 14400
0 29998
0 29998
13421 16310
0 3749
6555 23224
4586 25178
0 29998
10309 19387
0 29998
0 12268
0 19718
0 29998
0 29998
0 2233
0 29998
13608 16120
0 15987
0 1838
0 8999
0 28249
4832 24927
0 7558
0 8472
0 1433
0 27105
0 25642
2226 27653
0 11288
0 4127
0 29998
0 7573
0 29998
0 26842
0 29998
0 14303
14208 15483
0 17678
0 2940
7701 22023
8561 21166
0 29998
7671 22050
0 6862
2226 27656
0 13604
0 2450
0 26572
501 29441
0 29998
0 6476
0 29998
0 23297
3464 26395
0 29998
0 27989
1706 28204
0 3351
6988 22725
0 3984
7487 22210
13410 16324
486 29456
0 26214
6294 23508
0 29998
0 29998
10811 18959
0 4098
12528 17203
6173 23633
0 29998
0 5991
13694 16013
0 13284
0 4179
0 28307
0 29998
2183 27725
5455 24356
0 29998
0 9827
0 24218
14523 15216
0 29998
0 29998
0 29998
0 29998
11343 18385
964 28975
0 23318
0 29998
0 6257
0 8882
6430 23344
0 25267
0 15396
0 22592
7734 21990
0 3775
0 21078
0 17036
0 4499
3056 26826
2363 27530
0 23932
5149 24689
0 28132
0 26587
0 16310
5514 24275
0 21492
12494 17281
0 29998
0 29998
7806 21931
10323 19366
5536 24266
6639 23123
0 28516
13361 16386
0 13619
2954 26942
0 29998
0 20231
0 29998
0 2057
0 2890
0 15914
10917 18869
0 21990
0 5305
0 798
0 26905
0 26915
12951 16772
0 5722
0 29998
0 29998
0 29998
0 6594
0 29998
0 18665
0 29998
0 29998
0 6743
0 691
2820 27068
0 19944
0 24123
0 29998
0 6854
0 22367
0 14077
0 777
11660 18103
0 29998
187 29786
0 29998
0 3101
0 29998
0 1224
0 26772
0 27622
0 18028
0 21295
0 29998
5229 24588
12752 16980
6220 23581
2056 27848
0 29998
7875 21890
0 18558
0 7254
0 16879
0 4950
5954 23865
0 23718
0 29998
13790 15889
0 28343
8911 20792
10976 18818
0 15879
0 3791
0 21045
0 10111
0 10591
8911 20787
0 29998
0 29998
2160 27762
0 2292
0 29998
0 4289
0 14234
0 12029
6209 23591
0 29998
3549 26282
0 16542
3883 25913
0 29998
0 15011
1532 28382
0 29998
0 29998
0 1451
0 29998
9665 20130
4950 24833
0 24018
0 8384
0 16123
0 13593
0 4278
0 9048
8977 20721
0 25683
0 29998
0 23054
0 19265
0 26452
0 16923
2149 27768
0 14184
0 22366
0 29998
10240 19445
0 24882
1142 28796
0 10180
0 1204
0 11206
4312 25449
0 2518
0 16980
0 21327
0 21503
7865 21905
11433 18298
0 4481
0 15765
0 9360
0 26842
0 4605
0 29998
0 23671
0 27933
0 28264
0 29998
0 5418
5490 24306
0 29998
0 20288
0 29998
0 29998
9778 20000
13159 16549
0 17979
387 29554
7299 22367
12866 16853
5803 24021
0 21009
0 8189
0 10258
14216 15481
9260 20481
0 7443
0 19377
0 18145
9528 20261
0 29998
0 23976
5278 24529
0 12189
7874 21895
0 15870
0 8612
0 20642
0 9552
82 29884
0 15804
0 12565
0 29998
0 6743
8209 21562
11931 17848
0 6276
0 29998
0 14234
0 22689
7556 22189
0 27635
0 4870
0 13902
0 12765
0 29998
0 28976
0 23478
0 10799
9873 19894
7302 22365
0 29998
0 29251
0 29998
0 21872
6337 23433
0 12427
0 29998
719 29230
0 29998
0 29998
0 13346
0 22640
0 24100
0 6022
8470 21300
0 22892
0 29998
12721 17002
0 7677
0 28029
0 9840
0 17280
0 29998
0 24358
0 29998
13284 16445
0 144
0 29998
0 7071
0 24798
9905 19848
8930 20766
0 14890
0 27354
0 23656
0 28562
0 10146
10517 19209
4093 25707
0 29998
0 6743
0 29998
0 29998
0 4006
0 29998
0 16937
0 29998
0 27324
14644 15067
1153 28781
0 29652
0 29998
0 29998
0 777
0 29998
4002 25818
528 29419
0 29634
0 10497
8943 20747
0 4002
12642 17082
0 11462
0 12647
6112 23695
0 29998
14004 15711
0 22760
0 13671
0 13291
0 15984
0 29998
0 29998
0 29998
0 21902
0 23927
6383 23387
0 29998
12154 17661
0 284
0 29998
0 29998
0 13410
0 29998
0 24836
3282 26607
0 4884
0 29998
5176 24654
0 14802
0 29998
0 3984
0 5063
0 29998
11758 18000
0 1226
0 29998
0 15561
0 24706
0 18250
0 29998
9179 20556
0 1325
0 8145
0 29998
0 29998
0 20918
0 14015
10647 19089
0 9121
11220 18517
0 15759
0 29416
0 2364
0 21090
0 29998
0 5049
0 29998
0 27012
0 29998
0 5344
0 21770
0 9211
0 11881
0 24245
0 9582
6973 22756
0 13408
0 29998
0 27050
796 29155
0 29998
387 29543
0 6953
0 13769
0 29998
0 11113
0 29790
0 20472
0 29856
5527 24271
0 29998
0 16639
0 9421
4925 24843
0 16385
0 9654
3555 26277
0 13228
0 5175
0 29998
0 29998
7598 22120
0 2302
11020 18762
10814 18957
12746 16982
0 29876
13942 15760
0 25267
0 10319
0 29998
12495 17280
0 9408
1070 28906
0 29998
0 12619
0 9359
4560 25212
0 29998
0 8358
0 9593
0 29998
9698 20078
4909 24873
0 3285
0 29118
0 2300
0 29998
0 16983
0 17082
0 29998
0 24390
0 14536
0 14817
0 22653
0 6554
0 2380
0 25667
0 29998
0 29998
0 20792
0 4885
7460 22218
0 29998
0 29998
0 29998
0 22489
0 12434
0 18762
0 3583
0 29998
0 11261
0 12752
642 29335
0 29998
0 29998
0 137
938 28993
7412 22260
0 17933
1849 28056
0 12685
0 12823
0 17438
0 8817
0 18550
9974 19751
222 29748
0 20336
6015 23814
0 29998
0 23925
962 28976
0 25642
0 3625
0 29180
14272 15451
13680 16040
0 29998
0 8028
13635 16078
0 19604
0 12764
0 16835
9616 20177
13554 16169
8758 20954
0 2404
0 29998
0 4868
670 29290
0 12998
0 29998
6841 22912
0 18487
0 29998
0 74
0 29998
0 29998
0 3530
0 9162
14461 15297
0 29998
11196 18559
3371 26512
0 29998
0 11008
2354 27535
8676 21043
0 436
0 29998
13010 16702
1582 28321
0 2940
0 26775
0 29998
9317 20433
0 8277
0 29998
9970 19748
0 29998
0 29998
0 27316
0 6511
0 6561
0 15940
0 29998
7093 22615
3341 26567
0 29998
0 28641
0 25632
6278 23521
9852 19913
14471 15278
0 29151
3242 26644
0 22302
0 19576
1740 28169
0 16501
7377 22309
0 9331
3178 26696
5862 23954
0 6871
0 29998
0 18970
0 29998
0 15191
0 29998
0 24847
0 29998
0 29998
0 27828
0 23301
4900 24887
9901 19839
0 17447
0 3400
861 29080
0 29998
0 14644
0 2621
0 14021
0 29566
0 29998
0 29998
0 8779
0 27674
14274 15436
10910 18885
13037 16661
12524 17218
0 29998
0 29998
2686 27215
0 29576
11774 17975
0 16885
0 29998
0 29998
0 16425
0 22569
14061 15643
0 27550
1167 28774
0 29998
11053 18709
6514 23274
0 8273
0 15683
0 29998
0 20541
1001 28949
0 2940
0 7064
0 9708
0 24635
0 27094
0 29998
9068 20642
0 24798
0 29998
0 12525
0 29998
0 29998
10723 19039
0 29998
2862 27015
0 9153
0 16781
0 20384
0 29998
0 23089
0 17452
0 3634
0 29998
0 12356
0 29998
0 29998
0 29998
0 1499
0 25957
0 19443
4841 24921
8275 21483
0 22678
0 905
0 15214
0 29998
0 8123
0 522
0 5619
9712 20071
0 15287
0 6756
0 29998
0 29998
14578 15140
6209 23604
0 29998
0 1207
4507 25261
0 26056
0 28491
10076 19612
0 2074
2191 27698
0 27864
0 29998
0 18564
10729 19039
6473 23302
0 29998
0 27463
14823 14912
2879 27011
0 29230
0 29998
0 29998
1629 28273
0 29998
0 17050
0 7996
0 13886
2799 27091
0 29998
10423 19286
0 29998
0 24652
12266 17498
0 25495
3364 26529
0 13701
0 11049
0 29998
0 22218
0 12320
5210 24604
2484 27402
2799 27091
0 2471
0 27553
0 20637
0 1292
0 3738
0 29998
0 24839
0 14579
0 21873
0 5174
0 6032
1108 28864
4216 25582
8799 20905
3236 26648
13631 16082
0 13459
0 5333
0 13645
0 29462
7562 22185
9808 19973
0 18867
0 14296
0 26207
8977 20721
0 2623
0 19243
0 19925
0 28146
0 5549
0 29998
0 29998
0 2445
0 29998
0 10831
0 1213
0 9113
8593 21128
0 17905
0 29998
10319 19377
14857 14895
0 13227
0 9229
0 20045
0 29998
8655 21062
0 12277
0 24449
9513 20265
0 26148
0 29998
0 13614
2190 27693
0 15784
3003 26902
0 29998
0 2063
0 13098
0 10515
0 23985
0 27046
0 2087
0 5849
10111 19577
0 501
0 3539
0 29998
7171 22525
0 29998
0 21106
7169 22526
1808 28086
0 21589
0 28356
14513 15223
0 29998
4571 25207
0 26990
0 935
0 16350
0 6044
0 10359
0 11458
0 10380
0 5568
0 29998
0 29998
0 29998
0 29998
0 29998
5276 24526
0 29998
0 29057
13178 16534
8305 21470
0 29998
13445 16280
0 14613
0 16936
0 5753
941 28991
4867 24917
0 19315
0 18803
5367 24456
0 29998
0 2502
0 29998
0 19534
0 5480
0 18803
1416 28477
0 29998
0 8082
0 12261
0 22100
0 29998
0 10172
0 29998
0 7876
0 29327
0 13236
0 12955
0 29998
0 29998
0 29998
0 29998
0 29998
0 29998
2940 26951
11783 17969
0 29998
0 28946
0 17725
14538 15191
0 29998
0 6286
0 29998
0 12176
0 3126
0 2471
0 19862
7224 22452
2057 27847
6446 23332
0 29998
0 28343
8453 21312
0 27067
0 5187
0 29998
0 5907
0 379
6464 23302
5410 24414
1035 28922
158 29810
0 29998
11049 18710
0 19443
0 29998
0 29753
0 19005
8789 20911
0 28562
0 6849
1078 28899
0 4751
10515 19211
0 28161
0 24476
0 29998
0 11599
0 317
0 28430
0 5461
29 29971
5969 23864
0 2695
0 10952
0 29998
0 29998
0 29998
0 1138
13037 16671
5054 24749
0 15395
0 17924
0 13417
0 20278
0 26414
14271 15454
0 12887
0 13004
0 22865
0 29998
0 29998
0 29998
0 29998
0 29998
0 27961
0 10321
10291 19396
0 714
6583 23178
0 4105
0 26256
2874 27011
12500 17280
0 29998
0 29998
0 21600
0 2591
0 5921
0 29998
0 12504
0 22946
0 4757
0 29998
0 29998
0 17025
0 29998
5679 24131
0 7711
0 29998
0 26125
0 29998
0 29998
11272 18442
0 29998
0 25677
0 6061
0 29998
0 29526
0 29998
0 29998
8916 20790
0 28986
0 10162
0 2009
0 29998
0 7063
0 5339
0 2068
0 18553
0 29998
0 9411
1123 28837
3167 26701
0 4509
2668 27222
0 9244
0 14166
0 28622
0 29998
888 29055
0 24704
0 25890
0 23820
0 3751
0 25173
0 6260
0 29998
4603 25158
0 25715
0 8713
12188 17590
0 29998
0 9793
0 29998
0 3775
0 7593
0 29998
9426 20335
0 29998
10864 18912
13813 15884
0 19302
0 6308
0 29998
0 21823
1110 28861
0 1745
9850 19908
0 17762
5881 23928
0 8751
7556 22189
12327 17438
0 10645
9280 20478
0 6783
0 3166
2940 26951
0 23148
0 29998
9981 19743
0 26996
0 13967
0 29998
0 29998
8723 20987
0 5575
0 29998
0 11654
3462 26396
0 12695
0 29998
0 4924
7859 21914
12663 17063
0 28873
9655 20144
0 29998
0 29998
0 25455
6356 23421
10866 18906
0 17126
14536 15192
0 10550
0 19741
0 27435
0 29998
0 29998
4252 25530
0 24263
0 26249
0 29998
0 23517
0 15796
3785 26022
0 29998
0 5142
14026 15674
0 28667
0 10243
0 29998
0 776
11119 18639
0 29998
0 29998
11960 17823
0 29998
0 22408
0 29998
5827 23975
13959 15750
0 24800
0 29998
0 20541
0 11448
0 29998
1411 28474
2467 27422
14392 15327
0 20055
0 4870
0 15915
0 14380
0 29998
9606 20193
0 29998
1734 28171
10540 19194
0 7185
0 29998
0 26215
0 29998
0 16323
12067 17719
0 20613
0 14506
0 8671
0 10032
0 29998
5344 24481
0 29998
0 29998
3494 26359
0 15825
0 3302
9193 20531
0 7185
0 5448
0 25786
0 23723
6738 23022
6566 23215
1047 28918
10695 19057
0 11980
0 12697
0 11190
0 29998
0 8987
0 19484
0 24984
0 12168
0 10792
6923 22793
0 29998
8795 20908
9539 20253
0 29998
0 29998
0 17677
0 23562
1531 28383
12149 17662
4248 25543
0 9861
0 29998
0 25696
0 3589
0 1097
0 29998
0 24679
0 25146
7979 21815
0 501
0 4599
0 22701
0 29939
0 889
7102 22596
0 24935
0 10021
12830 16888
0 27569
638 29336
9826 19945
13448 16277
7460 22224
0 20674
0 29998
0 29998
0 22463
13421 16310
0 7914
0 20604
0 10964
9438 20332
0 459
0 28031
0 14179
6282 23515
8143 21632
0 10421
13624 16088
0 22352
0 29998
0 29998
0 29844
0 1107
0 10459
0 29998
0 17027
0 29898
0 11261
0 3005
0 24066
0 6308
10299 19392
0 16371
0 12774
0 9289
0 29998
9047 20654
317 29631
6454 23319
3894 25904
0 6173
12261 17506
0 14234
0 29998
0 6657
0 18894
14807 14920
14731 15006
0 29998
5678 24125
0 11210
1545 28356
0 29998
4897 24891
8655 21069
12859 16853
0 29998
0 24618
0 22531
103 29859
0 15566
10072 19622
0 18388
0 28036
0 8030
11412 18313
0 7916
0 13364
0 12380
0 29567
0 24217
0 4884
0 26066
0 16396
6441 23341
0 12299
0 29998
0 29998
0 22363
0 23371
3732 26077
0 29998
0 2431
0 7331
0 25204
0 15390
0 28040
0 29998
9963 19762
0 15557
0 19404
0 29998
0 10023
7506 22203
0 29998
0 29998
0 19322
0 13291
0 29998
9765 20010
0 15975
0 15390
0 4908
0 29998
0 29344
0 708
0 25503
0 29998
0 8967
0 29998
0 24123
3055 26829
5671 24149
0 29998
0 29998
0 12277
0 29998
0 12658
0 12415
0 2600
0 22100
0 18267
1259 28669
0 29998
0 29998
7087 22616
9388 20376
0 29998
968 28960
0 6458
0 10190
4597 25173
0 29998
0 7211
0 3322
8559 21172
0 29998
12010 17776
0 29998
0 29998
2764 27113
0 24447
0 29998
0 28004
0 29998
0 27878
0 29998
0 29998
0 28352
5084 24718
9383 20373
0 22186
0 27105
0 3633
0 29998
7213 22468
0 7870
0 6714
302 29665
0 7925
2283 27611
0 29998
0 29998
13760 15934
0 15313
0 29998
3043 26844
0 1731
0 8643
0 27142
0 4756
0 29998
4064 25760
0 29998
13506 16209
0 26875
1838 28065
0 13341
0 29998
7675 22049
0 4529
0 29998
0 27293
0 10072
14597 15110
3057 26825
0 24689
0 19766
0 16084
5556 24245
0 29998
0 29877
0 10776
0 29998
14684 15044
0 13921
13537 16187
0 18167
0 7443
0 29998
0 18500
0 11332
10711 19045
2630 27280
0 9548
0 29998
14117 15591
8614 21104
9491 20273
0 2883
10705 19056
12026 17744
6968 22763
0 29998
2355 27533
0 28912
3698 26102
0 15557
0 8954
0 14727
0 29998
0 25482
0 23332
0 3971
0 3418
0 29998
7041 22673
0 29998
12407 17339
12185 17589
0 28161
0 6437
0 13043
0 12274
0 29998
0 29998
10667 19075
0 27052
0 29998
0 19862
5146 24692
7550 22193
0 29998
0 22233
0 29998
1292 28621
0 8872
9352 20409
6066 23738
0 10309
0 25060
6257 23539
5817 24004
9078 20629
14752 14974
0 21773
8378 21384
0 29998
0 29998
7427 22241
0 8556
13344 16392
275 29698
11247 18500
0 2404
0 29998
0 5829
0 29998
0 29998
0 29998
0 29913
2969 26938
6408 23372
3861 25939
0 5370
0 29998
0 27021
0 12304
14028 15670
0 29998
0 9666
0 5954
0 17630
0 29998
0 21558
0 13992
0 29998
0 21062
0 29998
11566 18175
7625 22076
0 5258
4133 25667
0 3523
0 25869
0 25709
13460 16253
6378 23394
2570 27343
0 29998
14523 15216
0 29998
0 11794
0 19571
0 556
0 29998
0 18996
4064 25764
0 12420
4679 25096
2044 27862
0 21351
0 29998
0 29998
0 13340
0 21864
0 29998
0 27691
4819 24933
0 29998
0 28479
0 29998
0 12430
0 29998
0 29864
934 28997
0 6173
0 14600
0 29998
0 6241
3864 25920
0 11030
10801 18965
0 28405
11126 18625
14773 14963
0 18343
0 10204
0 24747
0 26075
0 29998
0 5206
0 29998
0 29998
6375 23410
0 18437
0 29998
0 21665
13953 15750
0 9302
0 10811
8739 20976
0 29998
0 29998
0 29303
14271 15436
7723 22015
9054 20647
10960 18841
0 29998
0 25080
3410 26441
11472 18262
0 3811
0 9811
0 29998
0 11588
0 29998
0 8343
0 6936
0 24557
0 7625
0 14233
0 9191
9891 19861
0 4216
0 6626
0 29998
8847 20852
0 29998
0 8108
0 27801
0 29998
14447 15300
4032 25790
0 23720
0 29998
0 19668
0 13338
0 29998
0 12734
1532 28382
0 11096
0 7071
0 28763
0 15827
0 29998
0 8618
0 21091
10396 19315
0 3057
0 6858
0 4768
0 29998
0 21352
10921 18867
0 29998
0 27989
0 25904
0 7394
0 29998
0 29998
0 8486
0 8122
0 28446
0 836
0 22349
13050 16664
0 29998
0 11564
7102 22596
0 29998
14026 15674
2663 27225
0 29998
0 26905
10028 19658
0 29998
0 29998
3771 26044
0 3421
6313 23482
0 15800
0 21991
0 4625
0 8630
0 14964
0 2179
287 29681
0 25003
11484 18250
0 4600
0 29998
4797 24979
9354 20403
0 29011
0 20273
11931 17858
9163 20576
0 29998
0 4028
0 29998
0 29907
11475 18263
0 16978
0 29998
0 13941
7471 22212
0 8679
0 12353
13032 16671
0 29998
0 29998
0 29998
0 20637
0 3784
0 29998
0 483
14742 14994
0 3938
0 10156
0 25685
4563 25211
0 29998
3544 26280
0 26756
0 12780
0 24509
0 1501
0 21935
0 29998
0 29998
0 12218
0 7984
8719 20987
0 10905
0 3681
4768 25005
0 29998
0 7558
0 29998
0 23844
0 29998
0 16051
0 17131
0 793
0 3341
0 12763
0 10621
0 29998
0 11234
0 16323
13657 16058
0 5529
0 11119
0 29998
0 29998
360 29601
4509 25258
0 19390
0 28567
0 29998
7171 22522
13910 15793
0 10801
0 4107
9197 20535
0 20782
0 10135
0 29998
3288 26599
14354 15379
0 22230
0 22326
0 10243
1991 27910
0 29998
0 20513
0 27581
0 3250
0 25175
0 10028
0 13870
1987 27910
0 9549
8869 20815
0 9465
884 29051
0 9970
12611 17093
0 13116
7371 22321
0 10076
10802 18967
0 29998
10866 18911
0 13964
4621 25129
5630 24169
8269 21489
0 29998
0 13585
0 29998
0 29998
0 29998
10647 19089
0 29998
0 19321
0 28956
0 204
12886 16829
0 22655
2735 27140
0 16324
0 29998
0 23387
8994 20709
0 23478
0 11738
12100 17695
1562 28340
12745 16983
0 29247
0 29998
0 21130
0 29998
0 1116
7554 22189
0 3847
13072 16653
12380 17387
0 29998
0 8662
0 16978
0 9197
0 7063
0 21623
0 1824
0 15204
0 16724
0 82
12089 17700
0 29998
0 9736
0 21876
0 16634
0 5798
0 21868
0 11367
0 29998
0 255
0 5023
0 340
7565 22164
0 29998
0 2300
0 8788
0 29998
0 10020
0 380
0 4974
0 15925
0 24776
12586 17131
0 11738
6945 22770
0 29998
0 17079
0 29998
3814 25987
0 29998
8486 21257
0 29998
0 16614
0 7761
5480 24327
0 12002
0 10936
0 26006
0 29998
0 29998
0 7324
0 29998
12437 17320
0 14599
0 29998
0 29998
5434 24389
0 29998
0 13813
0 29998
0 23867
8718 20985
0 8229
0 28173
0 29998
0 14157
0 4494
0 8642
0 23280
0 3227
0 25350
1917 27978
0 13921
0 29998
0 29642
0 29998
14467 15292
0 12528
0 29998
0 11344
8928 20772
0 29998
0 21166
11407 18311
0 11196
0 26807
9817 19953
0 8397
4544 25231
0 25801
1157 28781
0 28273
0 20130
0 29125
0 15061
0 10793
11794 17955
0 20498
9199 20531
0 29998
6643 23117
11855 17924
0 5809
0 29998
9910 19839
0 7885
0 29998
9197 20530
1192 28741
0 14173
0 29998
0 29998
0 3341
0 23407
0 15650
0 28804
0 16542
8079 21712
2420 27472
0 29998
0 9352
4797 24979
7366 22327
0 29998
0 2638
0 21468
0 29998
10203 19477
0 19124
0 4504
0 2763
10488 19243
0 9697
0 29998
0 21049
0 29180
7185 22515
0 637
0 11075
0 2717
0 17648
0 29998
0 21380
0 3608
0 14360
0 20576
0 29998
0 29998
8317 21458
0 29998
0 29998
0 2609
0 10260
0 29998
0 29998
5004 24797
0 17263
0 29998
0 29998
0 29998
0 25306
0 10812
0 29998
0 8559
0 29998
0 29998
0 13874
3920 25876
0 29998
0 29998
0 29998
0 29998
3326 26577
2663 27235
0 29998
0 20112
0 29991
0 29998
0 4571
12507 17254
11940 17843
0 29998
0 7268
0 26889
0 27025
0 29998
0 29998
0 2095
0 29998
11671 18085
7730 21990
0 9092
10684 19066
0 5670
0 28912
8723 20984
0 13968
11797 17945
6191 23612
0 29998
0 7137
0 10995
10420 19289
0 29839
7796 21953
14367 15358
0 18040
697 29267
12822 16902
0 4719
0 29998
0 29998
0 27885
8091 21703
0 11997
0 29998
0 5049
0 16784
0 21118
0 29998
12317 17433
0 29998
0 29998
0 15950
0 22558
0 12044
0 29998
0 22198
1142 28816
0 23331
0 8384
0 6333
0 9068
0 24743
7576 22163
5485 24320
0 9827
2782 27104
0 2188
11103 18652
0 29998
0 20784
0 12510
0 29998
0 29998
0 18103
3138 26744
0 18183
5626 24161
7429 22242
0 29998
13369 16379
0 29998
0 27683
0 22489
0 5928
8676 21036
0 29998
11350 18370
0 7788
0 6714
4453 25312
0 29561
0 17537
718 29234
0 14975
0 1880
0 29998
10319 19377
0 29998
4339 25414
3695 26113
0 29998
0 21691
0 9823
12575 17153
12281 17480
0 1130
0 4099
2175 27743
0 16086
0 29998
0 6822
0 29998
11751 18003
0 14579
0 19388
0 18341
0 14182
14700 15025
0 24913
0 3485
0 13164
2599 27315
0 21403
0 18526
7374 22309
0 29998
0 25206
0 22318
0 12955
0 7865
11279 18442
0 29998
8120 21653
0 5781
0 7845
5146 24692
0 11142
9569 20224
0 29998
0 18953
0 1451
0 4743
0 29998
11185 18563
9357 20384
0 2599
3634 26162
0 29998
0 12273
0 29078
8961 20727
0 29998
0 20463
0 29998
0 29998
0 5714
0 18915
9221 20498
0 15329
0 13486
9836 19936
0 7750
0 29998
0 29998
0 3392
0 11452
13781 15913
0 25632
6337 23430
0 29998
0 20725
10667 19075
0 22262
0 29998
0 29998
3959 25855
7435 22240
6376 23397
0 1647
3046 26844
0 28506
0 12142
0 29998
0 17443
2889 26995
12997 16719
0 14510
0 29998
0 26573
0 26620
11406 18325
0 12557
0 29998
10051 19639
0 23485
0 3684
0 29998
1298 28621
0 29998
0 16902
0 29998
0 7751
4401 25370
0 7928
0 1423
0 22250
0 16858
1076 28900
0 10709
0 29998
0 10379
0 3628
0 14216
12168 17618
0 2086
4064 25760
0 24031
0 13577
0 18832
14336 15395
0 29998
0 29998
0 29998
0 29172
0 27340
0 29998
0 23161
0 14536
371 29576
0 4697
0 11557
10280 19405
0 29998
5682 24128
0 18341
0 391
7944 21826
2095 27824
4293 25475
0 13593
0 21378
0 29998
0 5933
9094 20620
1957 27936
0 29998
13917 15784
0 14802
0 29998
0 29998
13908 15795
0 1325
0 15992
0 3437
0 12566
7812 21935
0 7859
0 29998
386 29550
0 6678
0 1072
0 29998
12082 17703
12412 17336
12344 17432
6712 23058
0 18037
0 29998
0 2396
6542 23239
11113 18645
0 5276
11890 17891
0 18390
0 29998
0 26644
0 11968
0 29998
14542 15168
0 5888
0 13582
0 15987
422 29525
0 20000
6877 22849
0 19005
0 29998
0 13326
13861 15846
0 16164
0 29998
7385 22303
0 27683
0 24415
0 6640
0 3711
14389 15329
0 7653
0 18911
0 14776
0 2797
0 1750
10532 19201
0 8493
10515 19211
0 23318
0 8319
0 29998
0 6762
0 9601
0 27442
0 8029
0 7220
0 22979
0 2862
0 29998
0 20905
0 29998
9100 20616
0 3437
2528 27375
0 6209
0 28430
0 28236
13604 16123
9638 20164
0 29998
0 13238
0 15287
0 22220
0 21449
0 5004
0 14993
0 28763
0 10078
0 15338
0 29998
9197 20535
0 21742
0 472
0 29998
0 36
3850 25952
0 29998
0 29998
11958 17833
0 16839
6175 23632
0 21458
0 4912
0 22756
5433 24390
8557 21194
0 29998
0 11012
0 26741
0 14771
0 29998
0 6301
0 29998
0 23498
8580 21153
0 28897
10315 19387
0 29998
0 10361
815 29121
6191 23612
0 4580
0 21104
0 29998
0 29998
0 29998
0 1039
0 10172
0 22633
12069 17725
11387 18332
0 29998
0 29998
0 29998
0 29998
0 6344
0 29998
0 29998
1554 28352
11388 18333
0 29998
0 29998
0 17708
0 1219
0 11331
0 26077
0 26765
0 21251
6169 23632
0 29998
0 29998
11774 17979
0 1373
0 6069
8622 21097
14609 15096
4010 25809
0 29998
9244 20488
797 29152
0 24604
0 4241
0 18740
0 12212
0 29998
0 20460
0 16972
0 29998
0 10921
8392 21366
0 29998
12611 17096
0 6052
14159 15549
0 16130
0 29998
9336 20418
0 29779
2747 27136
0 29998
2420 27472
0 29998
2597 27316
880 29072
10386 19308
2142 27772
11601 18144
2694 27211
0 10078
5278 24529
0 22196
0 21400
0 29998
0 29998
0 25155
0 3421
0 29998
0 29998
0 8768
6673 23089
13368 16383
13043 16667
0 29998
3014 26880
0 29998
0 29998
0 28146
12663 17063
0 26756
0 12697
0 28031
0 12156
0 21863
0 21990
0 16691
0 18953
1745 28159
0 14672
0 3166
0 1068
0 29998
0 23942
0 11934
0 6760
1808 28086
0 29998
0 14360
13340 16402
0 10454
13278 16460
2464 27424
0 10265
0 24425
7914 21857
10436 19276
0 29998
0 24914
0 8030
1227 28704
0 17574
0 29342
0 27330
0 28790
0 29998
0 6058
0 4236
0 29998
14135 15554
0 21821
0 7449
0 29998
0 29998
0 3554
0 29998
0 9886
0 29998
0 18802
0 13464
0 17443
13554 16181
0 15957
0 17753
8972 20722
0 4803
0 11452
0 10885
0 29998
0 29998
0 29998
12763 16959
0 29998
12033 17742
6287 23515
0 24777
0 12604
0 17719
0 16501
0 2607
0 18191
0 9331
0 15986
1385 28516
0 29998
0 22988
1809 28080
0 5249
0 29998
0 17995
0 24217
0 17025
12211 17573
0 29998
0 17280
0 8994
0 29998
0 29998
13297 16443
0 14742
6076 23723
3738 26068
0 25150
0 21703
0 29998
0 28955
0 29998
0 22814
0 29998
9778 19973
0 29998
0 8543
0 12454
0 19059
10550 19169
0 9682
11985 17803
0 3238
2729 27145
0 15934
6938 22780
0 24010
0 4671
0 29998
3849 25957
0 25900
0 29998
0 29998
0 29998
2436 27459
0 20022
0 5559
450 29507
0 8069
0 1319
0 21118
0 3094
0 18240
0 29998
0 29998
1815 28071
0 16120
3377 26483
0 6255
14823 14912
0 10632
386 29558
0 29998
0 19387
0 8661
0 19434
14236 15470
4605 25159
0 18844
0 6753
0 21677
0 2717
0 26661
403 29537
0 8399
0 23485
2112 27818
0 29998
0 8065
7374 22320
0 29998
0 13820
0 17700
0 25520
0 19289
0 9442
0 11731
0 29998
0 12501
0 17190
5142 24693
0 17821
0 21967
0 10111
1392 28502
0 29436
0 29998
10162 19524
0 2804
0 438
0 16498
0 29998
0 29998
13445 16276
0 29998
0 2318
1292 28629
12695 17031
0 29998
0 29998
0 19718
0 29998
11285 18437
0 29998
0 29998
9569 20224
0 29998
4502 25263
390 29550
0 27407
0 10812
0 2095
597 29353
0 12987
0 5982
0 29998
0 17751
0 20149
0 16906
0 29998
0 29998
0 3425
0 10427
3236 26651
0 556
0 27725
0 29998
0 463
0 7087
0 29998
0 17480
2722 27163
0 29998
0 29998
0 11194
8872 20817
0 29998
0 23451
0 29998
0 28207
0 1185
0 29998
0 7835
0 25444
12771 16941
522 29425
0 29998
0 23054
0 29998
0 29998
0 29998
0 5753
0 12897
0 7482
4868 24911
0 137
12772 16930
0 29998
0 13919
0 2452
0 23334
0 24059
0 24704
0 29998
0 14975
0 22742
0 19885
0 7184
0 2396
0 29998
0 29998
0 17889
8377 21385
0 26874
0 18090
0 29998
12927 16793
0 29998
4285 25503
2142 27778
0 29998
0 4592
0 2763
5448 24371
10263 19420
6694 23075
0 29998
0 3791
0 10831
0 14905
0 15231
0 29335
0 27258
0 27863
0 21047
0 29998
0 29998
0 29998
0 6495
3282 26601
0 8512
0 23274
0 28544
4428 25332
3222 26660
336 29631
3853 25932
0 4181
1748 28161
0 29998
0 29998
6421 23350
9225 20508
9967 19752
0 29998
0 23848
0 29998
0 29998
6729 23038
2488 27401
0 21991
0 21133
0 29998
0 16181
12262 17505
0 3343
0 29998
0 8695
0 9673
3374 26501
0 21744
0 13083
0 9582
0 29998
0 22629
0 21094
6305 23486
0 7850
0 29998
0 29998
7646 22068
0 2672
12611 17096
8019 21770
0 11557
0 3129
4442 25317
0 23001
0 4610
13638 16072
0 29998
0 16141
0 27514
0 26066
3385 26490
0 18915
0 16364
0 16666
0 29998
0 9077
0 29998
7696 22031
0 28977
0 14298
0 29998
5925 23887
0 28824
4110 25706
0 25772
14698 15023
0 13340
0 28164
0 11951
0 24073
13906 15796
0 15981
0 27358
0 20233
0 29998
0 705
0 29998
0 5394
0 18326
0 21728
0 29998
0 29998
0 4248
0 29998
12305 17455
0 9465
0 25013
0 29998
0 23387
0 29998
4813 24935
0 25275
0 1163
0 663
4675 25102
0 29998
0 13017
13408 16324
10210 19468
0 25808
0 27901
0 29998
6911 22818
0 25520
0 29998
1380 28518
0 16262
2484 27402
0 29998
0 29998
0 29998
6980 22750
3775 26046
0 29998
5731 24078
0 17730
0 10682
0 25706
9757 20017
6220 23575
7638 22075
0 29998
0 8018
0 29998
3798 26013
0 29792
0 2020
0 19349
5617 24187
0 29998
5387 24444
1150 28785
0 29998
5310 24500
0 29998
13809 15874
0 26610
0 20328
0 29998
0 6048
0 4797
14090 15606
0 19325
0 27099
0 29998
2108 27821
0 841
0 22595
0 10333
0 16879
0 7337
5248 24557
0 2938
0 29998
13254 16480
0 15036
0 8718
11438 18296
0 29998
0 29998
5406 24408
1576 28315
0 29292
0 10811
7562 22172
0 29998
0 29998
0 16084
0 16059
12067 17730
182 29791
0 10814
0 8739
0 23820
14795 14939
0 29998
0 27252
0 4371
0 22031
8457 21312
9813 19967
0 19248
9955 19783
0 6495
0 29998
0 22948
0 12024
9169 20563
0 22595
0 29998
0 29998
0 7985
0 18737
0 28579
0 15474
0 6052
0 2695
0 29998
0 29446
8200 21568
0 8661
4750 25028
0 29998
0 29998
6773 22979
0 29998
0 29998
0 29998
0 22320
0 9493
4915 24866
0 2612
0 16163
10740 19013
0 29998
0 29998
0 13445
0 12076
0 16389
0 29998
0 29998
0 20405
0 29998
0 2886
0 29998
7136 22564
0 2142
0 13979
9236 20485
0 15262
7197 22474
0 29998
3601 26213
6849 22900
558 29393
0 29998
75 29884
0 29998
0 29998
0 29998
0 10558
0 10084
0 29998
0 10814
0 13346
0 7429
0 1163
12421 17332
0 8581
11957 17839
10891 18902
9673 20113
0 11551
2040 27865
0 19987
0 29998
0 29998
11951 17840
0 29998
0 21357
2043 27858
8370 21392
0 18356
0 29998
0 10423
0 17715
9629 20169
0 29998
0 20549
0 29998
0 29998
0 29998
0 29998
0 29998
0 29998
12161 17629
0 4803
0 29998
13871 15830
12287 17477
0 14359
0 10979
0 20999
0 12529
0 355
9826 19942
0 29998
0 22565
0 8064
0 12774
5575 24217
0 29998
0 3454
0 29998
0 29998
0 23058
0 29998
0 29998
0 18607
3324 26577
14162 15541
0 27313
13941 15770
0 29998
0 17266
0 4178
14085 15608
0 16872
0 2502
0 16626
0 19408
13923 15778
0 7176
0 22320
0 22412
0 9952
14522 15220
0 28991
0 14264
0 29998
0 22778
5490 24306
0 20267
10021 19661
0 29998
0 19944
0 22783
14531 15204
0 10020
13952 15755
7761 21969
0 27435
0 16413
0 21212
0 1128
0 9891
0 12918
0 29998
0 29668
0 29998
3453 26394
0 23704
0 29998
11093 18657
0 3194
0 19919
6017 23790
0 1411
0 28161
0 14152
6839 22913
0 8191
0 24102
0 9808
14031 15655
10708 19053
0 28816
0 29998
0 29998
0 6605
0 24009
0 23481
0 29998
0 14757
2304 27589
1542 28364
0 29998
9287 20475
3509 26339
0 29998
5722 24085
0 29998
2715 27164
0 7018
0 17609
0 29998
12980 16735
0 24784
0 29998
0 694
0 5932
0 29998
0 29998
0 25472
5377 24445
0 29998
13893 15806
0 29998
0 14100
0 29998
0 13466
0 29998
0 24216
0 29998
0 29998
0 4673
0 29998
0 18106
0 1144
0 29998
8718 20996
0 2287
0 29998
0 10170
0 26051
0 27415
12658 17064
0 3422
0 21788
0 29998
0 25859
0 3581
8194 21575
0 29998
0 29998
0 29998
0 29998
0 11983
0 15975
11424 18302
0 29998
9814 19966
9553 20237
0 29998
0 29998
0 15220
0 3595
0 8577
14255 15465
0 17280
0 9840
0 16371
0 7794
0 8743
0 29998
0 3158
0 12566
0 19089
0 28891
0 7330
14400 15313
0 29998
0 21709
0 12279
10607 19124
0 5275
1679 28219
0 7471
9199 20527
0 29998
11094 18652
0 29998
0 15960
0 29998
0 20974
9048 20655
0 12076
0 29998
0 29998
13749 15950
0 16057
0 29998
0 4121
0 29998
0 29998
12519 17232
4719 25066
0 23942
0 11364
0 29998
0 527
0 24320
0 16978
0 29998
0 24160
3237 26649
0 21482
7197 22489
0 13574
0 19447
0 9996
0 10993
0 8065
0 18405
0 28574
0 29998
0 28994
0 7711
0 16720
0 29998
0 10459
0 29998
0 18001
0 25987
12805 16906
0 14973
96 29863
3741 26062
13598 16129
11109 18643
0 29998
9187 20551
0 2460
0 29998
0 23627
4805 24964
0 21677
0 29998
0 11325
12158 17629
7533 22195
13283 16451
0 14085
0 9277
12074 17715
12274 17488
0 7985
2262 27635
0 29649
11210 18543
0 29998
0 29998
0 29998
0 459
11584 18151
0 4367
0 1187
13813 15879
0 8183
0 9827
0 3012
0 11475
0 23723
11261 18464
0 18777
0 14010
3785 26019
0 16047
0 29998
0 29998
8194 21572
0 29998
0 29998
0 29998
4850 24921
13749 15957
0 21530
0 18740
0 24282
0 4376
0 14568
13459 16247
0 14654
9236 20485
1532 28371
0 5606
0 29998
0 2950
0 29998
0 29998
0 20477
0 17205
8639 21092
0 10396
7141 22558
0 5049
0 29998
3595 26214
0 14906
0 29998
0 4330
0 26113
932 29002
0 17530
9191 20549
0 29998
0 29998
0 16174
0 29998
0 29998
0 29998
0 24617
0 7045
0 16040
14015 15691
0 14517
0 29998
13207 16529
0 29998
14618 15081
0 29998
0 11584
0 14056
0 16421
0 16371
0 7499
0 29998
3194 26678
3608 26211
0 3798
0 3167
0 29998
0 12087
12460 17291
0 28029
11484 18250
0 14031
7416 22258
0 6425
7081 22619
0 29998
0 29998
0 2108
3820 25971
0 28735
3180 26687
0 11458
0 7701
0 29998
1134 28824
0 23799
0 3695
14037 15657
0 29998
0 16276
0 6310
1772 28124
0 19305
0 12555
0 8124
0 24618
0 2722
0 29998
11657 18116
8321 21447
9664 20133
11645 18120
0 15407
0 21447
0 19973
0 6169
0 29998
7103 22595
0 29998
0 29998
0 29998
0 3341
0 29998
7868 21899
0 24742
0 1902
8296 21472
0 15846
10558 19165
5767 24059
0 21817
7602 22107
0 29998
0 12201
0 3617
1610 28303
0 12575
12149 17636
0 21128
0 9608
0 8493
0 7875
0 9941
0 29998
0 29998
4656 25125
0 29998
0 9559
0 15309
0 8092
0 29998
0 29998
0 14597
0 29998
0 10515
0 3425
2843 27044
0 29998
3537 26303
0 17711
0 21122
12026 17753
0 1196
0 28867
0 8817
10040 19643
4735 25046
0 29998
0 9677
0 24894
0 28338
0 29998
0 29998
0 26947
0 2782
3041 26851
0 11391
0 28954
0 29998
0 29998
13886 15806
0 11687
0 21873
0 29998
0 15344
0 12111
0 6517
0 29998
0 29998
0 4831
0 16582
0 29998
0 14930
0 29998
13253 16484
0 1301
0 4621
0 10212
0 420
0 29998
0 17109
0 29998
0 29998
0 989
0 14858
7458 22220
12586 17131
0 14760
0 12384
1783 28117
0 12074
0 29998
13458 16263
0 10084
0 29998
0 29998
0 29998
0 29998
14803 14930
0 29998
0 29998
0 13144
0 2680
8200 21565
0 29998
0 29998
0 15846
10740 19013
0 29998
0 29370
0 21866
0 29998
0 29998
0 10917
11039 18726
0 28110
0 24476
96 29868
0 29998
0 23350
0 29998
0 21069
0 29998
0 27155
0 5297
5423 24402
0 29847
0 29998
0 6988
0 23650
0 17394
0 13486
0 10691
9352 20403
7033 22684
0 29998
0 29998
0 4052
0 29998
0 29998
0 6675
7104 22592
7554 22191
0 29998
0 13710
0 29998
0 29998
0 29998
0 13179
0 12527
0 29998
0 29998
0 29998
0 14531
3430 26436
3589 26221
0 15313
0 29998
0 9995
0 15889
0 5157
0 29998
0 29998
0 13370
0 22051
0 5302
2686 27211
0 6782
0 29998
14846 14900
0 29998
0 3688
0 29998
0 5262
0 29998
9813 19953
0 4205
0 14380
0 29998
12185 17589
11072 18666
0 25060
0 21852
0 23283
6594 23162
0 486
11194 18562
0 18326
0 4018
0 26428
4196 25614
0 14080
4039 25786
0 16643
0 29998
0 20730
0 29998
0 1883
0 29998
10245 19443
0 28151
0 17144
0 25126
3576 26247
0 21205
1126 28840
0 15729
0 29998
0 29998
0 14079
0 8620
2529 27366
0 20336
10451 19261
0 29998
0 13626
0 16885
2811 27072
848 29092
0 29130
0 29998
0 29998
1584 28313
0 29998
0 29804
0 12394
0 25837
6635 23134
0 14658
0 29998
5162 24667
0 817
0 22243
6971 22759
0 3451
0 29998
0 23883
0 29998
0 29998
0 29998
4431 25334
0 24692
3444 26410
0 28331
0 28271
0 19418
0 29998
0 16086
0 29998
0 29998
0 29998
9955 19783
0 1137
8414 21340
0 24704
0 14359
0 14481
0 29998
0 20752
12136 17678
0 22634
0 13233
10811 18957
0 14180
0 20736
0 5974
9472 20277
7228 22443
0 221
0 29998
0 29818
7296 22383
187 29786
0 17487
0 9473
0 29998
4484 25275
0 29998
0 29845
10837 18937
0 29998
0 8552
0 29998
0 27981
0 5467
0 29998
0 26304
0 22193
0 29998
0 16206
10902 18891
0 25747
0 27605
10511 19213
11754 18001
0 1333
0 16321
0 22073
0 29998
0 29998
0 29998
0 14025
5423 24402
6694 23075
0 13655
0 21444
5406 24415
0 29998
0 24180
3262 26615
0 15515
0 29998
2704 27178
0 21644
0 21390
0 11601
0 29998
0 29998
0 12787
0 29998
0 18888
0 29998
0 29998
0 24305
0 4539
0 17730
0 29998
0 7414
0 7291
0 11354
5821 23990
0 13129
8606 21117
0 29998
0 11557
5935 23881
9491 20267
0 11261
0 29998
0 29998
0 23134
0 29998
0 29998
0 17320
0 29998
2586 27330
0 21762
4605 25150
0 24618
0 10546
0 16133
0 23149
0 16680
0 12531
9569 20224
0 22323
0 17068
0 21732
0 12265
11246 18493
0 9770
0 29998
0 18550
0 13779
0 11794
0 16197
0 11459
0 24269
0 15515
0 15636
0 11960
6167 23650
0 19157
3334 26575
0 29998
0 6296
0 29998
5881 23928
0 29998
813 29119
0 5214
4016 25808
0 12306
0 16879
0 29998
0 17564
0 4781
0 10986
0 20445
0 3531
0 22623
4436 25315
14805 14929
0 13372
0 6945
0 29998
0 29998
5496 24298
0 29998
0 11109
6292 23510
0 3821
3318 26584
0 29998
14658 15055
0 29998
0 29998
0 19817
0 29998
12206 17574
8713 20999
0 16581
3486 26360
0 29998
2142 27778
0 29998
0 27354
0 27328
0 29998
0 26818
0 20127
0 29998
0 29998
0 3944
0 29998
0 4092
0 4248
0 17450
0 29998
0 23444
0 29998
0 29998
0 7593
0 3537
0 29998
0 24411
12115 17688
5963 23861
14506 15223
0 29998
1972 27932
2701 27186
0 29998
0 29998
0 23954
0 29998
0 14470
0 19477
0 18962
0 29998
0 3583
0 14554
2355 27533
0 29998
4071 25747
0 2063
0 29998
0 43
13445 16280
10740 19013
0 29998
0 29998
0 3172
0 4278
4925 24852
0 8491
0 3346
7454 22224
0 25005
0 29998
0 19652
0 29998
0 23273
0 23031
0 29998
0 29998
0 20562
0 29998
0 29080
11008 18786
0 18550
6390 23381
0 26720
14523 15216
0 4252
0 5156
11581 18160
0 2423
0 20034
13072 16653
0 29471
0 24452
0 27074
0 23758
11206 18547
8427 21329
0 14134
9277 20481
12803 16911
0 22954
0 28827
0 29998
0 5669
6922 22785
0 29549
0 29998
0 15147
3815 25986
0 23083
8069 21708
0 25139
0 29998
0 905
0 21598
0 3192
0 29998
0 29998
0 29998
13777 15916
0 29983
0 6002
0 5708
2704 27186
0 29998
0 29998
0 23515
0 29998
0 29976
0 29998
9824 19946
3008 26883
0 15736
8453 21319
13779 15908
0 11551
0 368
0 943
0 6196
0 3596
4591 25175
0 19968
7307 22365
0 2854
0 29998
0 11438
0 28392
0 24992
0 29998
0 29998
0 13439
7429 22242
0 28706
0 29998
0 5514
0 26680
0 28616
12897 16805
0 9177
0 29998
0 9574
8639 21092
0 29998
0 29998
0 1109
7374 22320
0 29998
0 17282
0 20477
0 21960
0 29998
0 29998
10548 19180
0 17905
0 29998
0 29998
13766 15921
0 9863
7654 22056
0 4675
0 10874
9493 20272
0 15541
0 2778
9076 20629
0 20376
0 29998
804 29126
0 3070
0 20905
0 26155
0 9070
0 29998
0 29998
0 2496
0 29998
0 12402
0 29998
0 18262
0 27828
0 919
0 8833
0 19119
0 29998
4751 25032
2971 26937
0 29998
0 13717
0 29998
0 23134
13443 16277
0 29998
0 26240
0 29998
5310 24504
12240 17531
0 6886
0 5753
0 11774
426 29523
0 317
0 29998
0 28943
0 29998
0 6167
10138 19559
0 29998
0 25801
0 29998
0 10577
0 29998
0 6546
0 29998
0 20680
0 19919
0 29998
0 29998
13250 16485
12697 17027
0 29998
0 6860
0 20434
0 100
1991 27904
0 29998
0 9285
0 23060
14215 15488
0 29998
2893 26994
0 26807
0 29998
0 29998
0 23161
0 29998
0 21976
0 21168
0 27291
0 1951
0 15925
0 29998
0 29998
0 12111
0 29998
0 14443
0 19477
0 29998
0 7832
7404 22277
0 6088
0 24004
0 29998
0 22994
0 29998
4414 25349
0 16744
0 29998
4560 25212
5711 24111
11579 18167
0 28349
0 21212
0 29998
0 21005
13964 15738
10346 19348
0 12579
0 29998
11825 17927
0 10217
0 7017
0 29998
0 29998
0 29998
13486 16212
0 28132
0 29998
0 25272
0 16846
0 29998
0 2488
560 29389
0 21427
0 10891
0 17488
0 29998
0 29998
0 29998
11448 18294
0 29998
0 22954
13748 15958
12938 16776
0 29118
0 24589
0 10245
0 26570
0 13506
0 12986
0 17397
0 29998
0 20266
0 28443
0 24010
1940 27958
0 29998
12829 16894
0 29998
0 4115
0 1435
9678 20101
0 9292
5704 24120
0 29998
0 24909
0 29998
0 4902
3989 25840
0 29998
13238 16489
0 21106
0 29998
0 13416
0 13037
0 29998
0 4092
9621 20173
0 29998
4596 25175
0 29998
0 6608
0 12553
0 423
0 15786
0 29998
0 5717
14510 15226
0 29998
0 5174
0 3180
0 2954
8379 21380
0 29998
0 12026
0 29998
0 27670
0 7185
0 29998
224 29750
6073 23725
0 17744
0 29998
0 27693
14793 14936
0 4517
0 19647
0 6017
0 10824
0 21968
53 29925
0 29998
0 2464
0 19945
10025 19661
0 5613
0 17733
13625 16087
0 29998
0 21012
14529 15213
567 29393
0 8183
0 929
11142 18587
0 26648
0 29998
0 27201
0 29998
0 21952
0 23022
11619 18137
0 14389
0 16727
0 3237
0 29998
0 29998
0 1734
0 13338
0 12268
0 23945
0 22931
355 29605
0 22151
0 24220
0 527
0 29998
0 8998
0 15657
0 29998
0 1123
28 29976
0 16231
0 29998
0 2154
0 29998
0 9377
8872 20817
11737 18014
0 23449
12725 17007
0 23423
7788 21965
0 29998
0 29998
0 29998
0 25944
0 15729
0 1568
0 11579
0 11975
0 11673
0 1981
0 4905
1941 27961
0 24122
0 25481
14651 15062
0 25919
2084 27830
10291 19396
0 21822
0 23176
0 29998
0 24043
0 29998
0 17008
0 6384
4605 25159
0 4229
75 29884
0 16664
14087 15613
0 29998
0 29998
0 8653
0 6626
0 29998
0 7425
14359 15380
0 17559
0 29998
0 11170
0 14888
0 21256
0 17452
0 29998
0 29998
0 29998
0 8999
0 4908
0 22049
0 29998
13694 16013
0 29998
0 29998
0 29998
0 29998
0 29998
13619 16103
0 5258
3377 26501
0 29998
0 10346
0 29998
0 25935
0 29998
5974 23857
5928 23889
0 29998
0 19439
0 19942
0 8256
0 29998
0 29998
0 29998
0 22014
7022 22689
276 29697
0 16145
11449 18293
0 29998
0 16141
0 12274
0 19376
0 19726
0 459
0 29998
0 29754
0 29998
0 1130
0 8697
1035 28932
0 29998
0 19743
0 4600
0 3279
0 28658
0 3462
0 29998
8103 21688
0 20373
0 10189
0 3138
0 27954
14672 15051
0 15310
6764 22982
0 776
0 14479
0 24198
0 29998
4492 25263
11659 18106
0 28864
0 29998
599 29361
13346 16389
0 1846
0 29998
0 20649
0 27953
5582 24199
10835 18933
12261 17506
7812 21935
0 1142
0 25444
0 29998
0 747
0 29998
0 29998
0 29998
0 19306
0 29079
4584 25179
0 1804
0 9961
0 14722
14810 14923
777 29162
0 7327
0 29998
2344 27553
0 23786
0 19681
1920 27967
0 29998
0 29998
0 24222
0 24131
0 4808
0 11951
0 17848
0 9716
1548 28352
0 11281
6968 22759
0 29998
13236 16486
1691 28211
0 28669
3005 26900
0 26693
0 8006
0 766
0 5248
0 1972
0 3932
1634 28263
12753 16966
0 29987
0 23385
3959 25855
0 25890
2811 27072
0 29998
0 8675
556 29399
0 24305
1806 28084
0 23325
0 7394
0 29998
0 29998
0 29998
0 22243
11448 18294
11075 18665
0 3852
13644 16059
0 15687
0 29998
0 21895
0 27950
0 29998
0 23078
0 25775
7073 22636
0 18428
0 26951
0 9819
0 29998
0 12287
0 17767
0 1762
6735 23022
0 29998
0 29833
0 8799
0 29998
0 29998
0 29998
1687 28217
0 22506
10484 19248
0 29998
0 1039
0 12149
0 6456
0 23577
0 1385
4868 24914
0 28496
0 29998
0 29998
0 24552
0 8270
0 29998
0 11614
0 29998
11148 18586
7390 22297
14290 15422
0 13644
0 29998
0 27649
0 29998
0 29998
0 29998
0 22467
0 29998
12461 17294
0 16798
0 16053
4301 25463
0 9728
0 1184
0 16671
0 19282
0 22310
0 25150
0 18994
0 14698
8199 21572
0 16129
3151 26718
0 13173
0 25218
0 2951
835 29108
0 14966
0 8304
0 8606
0 29998
0 29998
0 11372
0 3756
0 29998
0 7903
0 8289
0 29998
4928 24847
0 18559
0 29998
0 15367
0 29998
0 16945
6862 22865
6737 23031
0 29998
0 20889
0 23762
0 29998
9891 19863
0 25887
0 8183
0 21525
14689 15040
0 22832
14878 14881
0 29334
0 20628
0 22506
0 10008
0 3835
0 18959
1292 28629
0 10735
0 22047
10131 19571
0 29998
3534 26304
0 29998
6492 23285
0 17299
0 29998
11584 18151
0 29320
10896 18885
0 23065
0 2636
0 29290
0 27111
0 9216
0 27409
7753 21980
0 29998
0 16895
0 29998
8157 21607
0 29998
0 29998
0 720
0 1542
0 11977
0 186
0 29998
0 25649
0 5928
0 29998
0 24131
0 10320
503 29436
0 29998
0 14973
0 29998
0 29998
0 27399
10011 19683
0 8289
0 29998
0 1316
0 29998
10386 19321
0 13749
8255 21501
1990 27913
0 29998
0 29998
0 28343
0 29998
0 14135
0 3505
0 4065
0 7845
0 4748
2359 27531
0 29998
2383 27507
9213 20508
0 29998
8539 21199
0 1967
0 4339
0 29998
0 29998
0 20278
0 29998
0 1784
0 6855
0 29998
14233 15473
0 12765
0 9179
0 29998
0 20604
0 25274
12798 16915
0 2542
6595 23149
14467 15292
0 6323
0 11439
0 3363
1647 28259
0 29998
0 3672
0 10402
9317 20428
0 29998
0 4181
0 4765
0 15329
0 29998
0 29998
0 29998
0 9100
0 12495
8945 20730
0 10916
0 11795
0 16451
5819 23990
0 29998
0 10942
0 12371
6052 23747
0 29998
0 14014
0 4177
0 29998
0 22634
0 19422
6869 22865
0 620
0 29998
0 4123
0 29998
0 29998
13475 16236
0 4850
0 15214
0 23335
0 13016
0 29998
0 4615
0 9508
9663 20136
0 7426
0 1128
0 26950
0 29998
0 20939
0 9412
0 28705
0 18263
0 5929
9302 20449
7792 21953
10675 19068
0 26657
0 4906
3741 26066
0 7663
0 1082
3820 25971
14112 15593
0 22072
0 16775
472 29485
0 29998
0 23605
0 19647
0 24389
12280 17481
0 14721
0 17104
0 9582
0 29998
9068 20633
0 29998
0 10019
0 29998
0 27612
6061 23739
3659 26148
3645 26156
0 29998
0 22931
9621 20173
0 2701
0 5185
0 19041
0 41
0 10088
0 7555
0 29998
0 29998
0 24009
5523 24274
0 20097
0 9537
0 222
0 21760
0 8847
0 29998
14501 15236
0 3133
0 28314
0 2128
705 29257
0 16892
0 12854
0 29998
63 29904
0 29998
0 3695
0 7112
0 6557
0 8925
10160 19519
0 26157
0 18810
8669 21054
0 1658
0 6936
0 19856
12043 17740
0 13908
0 15046
4184 25618
5517 24278
0 29998
0 29998
5932 23883
0 29998
0 29998
0 6418
0 29998
0 25412
0 10036
976 28957
0 491
0 10111
0 8766
0 14100
0 13750
0 16593
0 11253
11546 18220
0 29998
2669 27216
8103 21688
0 3570
0 29998
0 29998
0 17239
0 29998
0 12437
0 28079
0 10420
0 20674
0 18583
0 15996
0 26431
5244 24584
7438 22236
0 2226
0 29998
0 29998
298 29677
0 25115
5466 24353
0 12454
0 14039
7761 21973
0 2897
0 7167
0 29998
0 18246
0 29998
0 21097
0 28102
0 18849
0 29998
0 18646
0 28102
0 28
0 6514
0 8144
0 29998
0 29998
0 1971
0 21227
0 8847
5001 24798
0 29998
3932 25873
0 29998
13376 16369
0 27173
13831 15868
0 20716
0 22716
0 11424
3905 25895
0 6017
0 29998
0 29998
0 29998
0 17926
0 16191
11196 18559
6524 23250
0 29998
0 29998
0 29998
0 29998
0 29998
0 16240
9027 20667
0 29998
0 25706
0 25383
0 29998
0 29998
0 29998
0 29998
0 29998
0 24772
0 29998
0 7726
0 29998
14274 15440
0 26719
0 29998
0 29998
12880 16839
13443 16281
0 8994
13410 16324
0 29998
0 29998
0 18357
0 17323
0 20065
0 29998
10740 19013
0 12874
0 23861
0 29373
0 2192
0 14698
0 7926
1783 28110
0 29998
14435 15307
8148 21622
0 8829
0 29998
0 25028
0 29998
0 29998
0 2186
0 8620
0 4414
0 17782
2123 27792
0 7874
0 29998
9199 20527
0 29998
10907 18888
0 29998
13604 16123
0 1556
0 12353
0 19
0 29998
4640 25126
0 9078
0 4807
0 5852
12254 17514
0 29998
0 29998
0 10792
0 29998
0 3052
0 29998
0 8154
12951 16772
0 29998
0 18301
3982 25847
10131 19563
13361 16386
13139 16580
1224 28707
6326 23459
0 9889
0 29852
0 27113
6184 23627
0 14477
0 15058
0 4723
0 19103
0 29998
0 29998
0 27841
0 29998
12356 17423
0 27424
0 24266
0 29998
3385 26490
0 17469
0 22982
0 28326
0 9333
0 28621
0 16847
0 8994
0 11715
0 21213
0 22375
0 29998
0 29998
0 29998
1845 28040
0 10140
21 29976
0 1533
0 23384
0 9778
0 12246
0 1259
0 6247
0 29998
0 8183
0 14128
0 2087
0 29998
0 22194
0 2219
0 8767
4811 24937
0 29998
0 11329
0 22892
1470 28430
0 2079
0 5234
0 29998
0 5827
3821 25965
0 20806
10294 19393
0 29998
0 29998
0 16208
0 10731
0 29998
0 27380
0 29998
0 29998
0 1082
0 28024
5188 24618
0 29998
9896 19856
0 29998
0 16489
0 3324
0 29998
0 29998
14468 15291
12001 17786
0 21104
669 29295
10717 19042
0 3806
6855 22891
0 13431
0 29998
0 13982
0 1653
0 23283
0 29998
11329 18395
2777 27107
0 12823
0 4190
0 6430
0 23173
0 11878
0 13325
0 11899
0 29998
0 28416
0 20449
3569 26262
0 11395
0 29998
0 29998
0 29998
0 22073
0 29998
0 27130
0 20498
0 18655
2044 27862
0 29998
0 703
0 8371
0 8833
0 19465
8512 21234
0 10412
0 26975
0 18528
0 6108
0 7402
5467 24345
0 9852
0 29998
0 1177
2738 27140
0 28204
0 29998
0 28430
0 29998
0 20443
0 25683
10021 19665
0 29998
0 29998
3126 26755
0 10732
0 2269
0 25869
0 17288
0 12262
0 29998
0 29998
0 14727
3222 26653
0 29998
0 6282
0 29998
0 29998
0 21335
0 27650
10352 19342
2168 27744
13683 16027
0 18250
0 29998
0 17559
0 29998
14523 15216
0 20322
0 29998
0 29998
0 21235
5697 24123
0 12079
0 1499
0 29998
0 12033
12631 17087
0 6822
0 1078
0 2021
0 4317
0 11959
0 17590
0 18291
0 20445
0 23139
0 19585
0 11077
0 2846
0 29998
0 28343
8358 21402
0 12045
0 16643
372 29575
8501 21247
0 29998
0 29423
0 17068
11438 18296
0 25935
4842 24922
14038 15660
0 29218
0 4367
0 29998
11421 18295
10860 18915
0 4076
0 6010
0 26587
0 3626
10221 19443
0 28706
955 28981
12765 16945
0 9531
0 21205
2001 27885
0 24344
3006 26896
0 1812
0 29998
0 29998
0 3617
0 28503
12251 17514
0 20508
0 29998
11288 18435
0 29998
8563 21163
0 28714
2387 27504
0 29998
0 29998
1644 28260
0 24911
0 3919
0 674
0 10410
0 16067
29 29971
11882 17892
1434 28450
0 6331
2068 27839
0 29998
0 4783
11855 17924
0 29998
11241 18504
0 29998
0 9396
0 29998
0 20613
0 24787
0 22700
8050 21740
108 29862
0 18458
0 29998
7686 22044
10866 18914
0 27666
1542 28357
0 27858
6933 22780
0 10950
0 21733
0 29998
0 5493
0 11882
0 1647
0 29998
0 29998
0 13087
10306 19391
10723 19042
260 29719
0 6410
6298 23502
0 6047
0 25207
0 14026
0 18827
13072 16653
0 29998
483 29456
0 20287
0 3106
0 19655
0 4885
0 14793
12033 17742
7591 22144
0 8595
0 15955
0 29998
0 29998
1388 28509
0 29998
6216 23591
0 29998
0 1091
0 18915
0 29998
0 29998
7750 21980
0 14462
10219 19456
0 7675
1666 28235
6363 23416
0 29998
0 6588
75 29877
0 7404
0 29998
8795 20903
0 24584
0 27097
0 28219
0 8473
6557 23226
0 13885
0 1533
0 11331
0 24841
0 15987
12005 17776
11396 18329
0 24716
0 13942
0 27301
7093 22597
5063 24732
0 13046
0 29998
12631 17087
0 29998
1406 28497
0 29998
3101 26787
0 20782
0 29998
0 3731
0 29998
0 8029
5469 24333
0 1592
0 29998
2930 26967
0 27189
3250 26638
0 29998
0 29998
0 24992
0 22852
0 22793
13430 16290
2760 27115
0 9636
6019 23806
0 19913
0 29998
0 29998
752 29181
0 29998
13445 16280
12057 17735
9280 20478
0 28165
0 19898
0 14588
0 29998
0 16766
0 29998
0 27964
7555 22187
0 29998
0 25894
0 7471
0 27289
7197 22489
1658 28244
13173 16542
0 29998
0 29998
14584 15122
0 29998
13144 16566
0 29952
0 29998
0 28264
0 29998
10902 18891
0 5116
0 21446
0 3174
0 473
3146 26733
0 13227
0 6635
0 29998
0 29998
0 20418
0 29998
0 21873
0 9304
0 26661
0 8277
0 29998
0 4765
10137 19554
0 29998
0 25252
0 29998
0 28261
0 29998
0 3126
0 26080
0 25559
0 12631
0 29998
6783 22957
14253 15466
0 16049
0 22006
0 16236
0 20792
5055 24747
0 15784
0 11952
0 29998
0 9057
14037 15665
0 20317
8157 21607
0 23344
0 19577
0 8577
0 3494
0 15236
0 16614
0 27801
0 5293
9817 19950
4310 25455
0 18326
0 29998
0 29998
0 12360
7487 22210
1385 28516
0 10335
1845 28056
0 29998
7558 22187
0 26874
0 25427
0 27437
0 29699
0 29998
0 11064
0 29998
0 4908
0 10385
0 1433
360 29601
0 27072
2891 26995
4900 24887
0 11438
0 23980
0 27815
458 29504
0 29998
0 24329
2526 27377
0 11668
188 29783
8453 21319
0 29998
0 11170
0 29998
0 29998
0 29998
5258 24551
0 14462
0 29998
0 2195
2573 27340
0 14180
0 1259
9121 20604
0 16802
0 8004
0 29998
3821 25975
8411 21351
0 28477
0 20050
0 8679
12211 17569
0 5731
0 18191
0 9720
0 29998
0 29998
0 26214
0 10410
0 6088
0 20339
0 29998
0 12188
0 29998
0 29998
0 8584
0 29998
0 15785
13750 15955
0 29998
0 28130
0 14609
0 29998
0 14734
0 29998
0 29998
0 5062
0 3133
0 1379
0 23571
0 29998
0 29051
0 29504
13623 16100
0 19270
13207 16529
0 13267
0 3169
4290 25482
9836 19936
0 29998
0 24965
0 28084
0 29170
0 21519
0 29998
0 29998
0 22317
8620 21103
5549 24263
6425 23350
0 17933
0 23605
6071 23724
0 27815
0 29998
0 6407
1764 28124
14416 15315
9171 20555
0 3045
459 29503
0 24173
0 18265
0 29998
0 10294
11117 18633
0 29998
5271 24542
0 29111
0 23461
0 29998
0 29998
0 29998
0 29998
0 8456
1233 28687
0 6332
0 16385
12814 16903
0 29998
12268 17497
0 29998
450 29507
0 21813
14348 15383
0 29998
11046 18722
0 29998
0 4085
0 23865
3706 26100
3684 26117
0 12043
0 12948
0 6731
0 29998
0 12195
0 29998
0 29998
0 14613
0 29998
0 29415
653 29327
0 29998
11866 17910
0 16397
4754 25019
0 8028
0 17860
0 4592
0 29998
0 29998
0 11288
0 20996
0 29998
0 29998
0 382
0 29998
0 24169
0 29998
0 29998
0 12391
0 10596
12924 16785
0 1556
0 16082
0 9965
0 29117
0 4797
0 20023
7717 22020
0 29983
7414 22258
0 29998
0 17382
0 29998
0 20220
2056 27846
0 29998
2302 27587
0 692
0 16927
0 29998
0 29998
4064 25764
0 21336
0 3366
0 29998
230 29748
100 29871
0 29998
0 24864
0 29336
0 27345
0 12239
0 29389
0 5477
1316 28589
0 8718
5767 24055
0 4787
0 16905
11985 17803
0 29998
0 29998
8019 21770
0 21162
0 5051
0 29998
0 17773
0 9199
0 29998
0 22186
0 29998
0 29998
0 29998
146 29832
0 5273
0 15281
0 24612
0 21568
0 2439
0 28424
4411 25350
0 2518
0 10776
11126 18625
201 29766
0 29998
0 12953
0 17326
0 10950
0 29998
0 29998
0 7599
1109 28865
0 2889
0 355
0 29998
6640 23121
0 25845
8106 21677
0 29998
13863 15846
9839 19928
0 18391
0 29998
0 27207
12507 17254
0 9207
0 29998
0 29998
8380 21378
0 12149
0 13683
0 2591
0 29998
2117 27801
0 29998
0 2669
0 13715
0 29998
0 4082
0 29998
0 29998
1233 28680
0 22352
0 5661
0 29229
0 29334
0 29998
0 7906
0 20339
0 2672
10323 19375
3126 26765
0 29642
0 29998
0 6183
6464 23302
0 29718
0 29998
5852 23961
2778 27099
0 12799
0 801
0 29998
10404 19302
0 16157
0 9493
11056 18705
204 29761
0 29998
0 6670
0 29998
9121 20604
0 17978
0 25908
0 27293
0 19925
3046 26844
0 13097
0 7043
9543 20249
0 2226
0 29707
9079 20628
0 29998
0 29998
0 21492
0 29998
12371 17387
0 9461
0 4343
0 1849
0 29998
0 7997
12100 17695
0 22962
0 28586
7860 21912
0 29998
0 29998
0 29998
0 5071
0 22859
0 26657
0 29998
0 29998
3015 26875
0 29998
3384 26483
0 5527
0 133
0 29998
14392 15329
13839 15864
0 29998
0 8817
0 6193
0 9301
0 23682
0 20475
3658 26146
0 16078
0 29998
0 29998
0 12299
0 26953
10011 19683
0 27074
0 23166
0 7296
0 1172
0 17863
0 14087
7457 22224
0 14710
0 29998
0 7079
0 436
0 1286
0 29108
0 24222
14546 15168
4768 25013
0 29998
0 21834
0 29998
0 13116
0 8392
0 3959
0 26551
0 10285
0 2377
0 5171
0 267
0 29998
0 24788
0 6577
0 27825
0 17636
0 8687
0 23431
0 29998
0 14253
0 29998
0 29998
0 10021
0 12958
0 29998
0 1719
0 3597
395 29537
0 25788
0 29998
0 13520
13423 16308
12987 16727
0 29998
0 13899
8123 21647
10078 19610
0 29998
7576 22151
0 5863
0 14618
14074 15629
0 11861
8687 21026
0 19624
0 28979
0 29998
0 28690
0 29998
0 11297
0 2195
14518 15223
6731 23036
7228 22452
0 29998
0 7487
0 29998
0 17890
14827 14911
0 29998
0 29998
8545 21195
10835 18933
0 3205
2435 27463
0 24078
9174 20563
3917 25876
0 29998
0 6331
0 8961
0 10995
0 29998
0 27656
0 19485
0 29998
0 24692
0 11527
0 7998
0 29998
0 29998
0 3814
0 29998
0 20790
11234 18509
0 10873
0 28677
2436 27459
11122 18630
1213 28712
0 29998
0 438
0 29998
0 29998
0 14021
0 29998
4897 24891
0 23939
0 2128
0 1706
0 14179
13373 16367
0 13738
0 29998
96 29876
0 29998
19 29987
0 29998
0 29998
0 6276
0 5350
0 2376
0 29879
0 27880
0 26414
2145 27775
0 10309
0 29998
6653 23104
0 22894
0 17847
0 29998
0 7390
0 29998
0 29998
0 29998
0 24
0 29998
0 742
0 29998
0 1634
0 7506
0 24333
0 29998
0 29998
0 29998
0 29998
0 29998
3555 26277
0 26357
0 23448
0 29998
0 29998
8847 20852
0 29998
0 29998
0 29998
4409 25358
0 6880
0 7844
0 25455
0 29998
0 6929
0 11782
0 16894
1750 28159
5974 23857
0 17482
0 29998
12672 17049
0 29998
0 24891
0 29998
0 29998
0 5623
0 18061
0 4414
0 26538
0 4584
0 24985
0 22765
1772 28124
4389 25377
0 22526
0 8746
0 29998
0 28900
0 8763
0 5405
0 1761
0 6530
0 12814
0 29998
0 20620
0 15058
0 16285
0 29998
0 29998
0 16030
6333 23446
0 29998
0 17152
0 16930
0 29998
0 3024
0 29998
7638 22072
0 13848
0 10983
0 2220
6518 23254
0 13210
0 10860
0 24618
7771 21969
10643 19094
0 5797
0 17514
0 13524
11885 17892
0 15436
0 16334
0 4903
0 9687
0 29833
0 8378
0 29998
0 29998
0 17706
0 29998
0 6546
0 29998
0 24109
0 16657
0 24530
0 29998
0 14974
0 19694
0 29998
0 29998
0 25368
0 5504
0 1303
0 29998
14618 15079
0 619
0 3436
0 29998
0 29998
0 29998
13448 16274
0 29998
0 8148
0 2930
0 29998
0 15967
0 4797
0 24599
3580 26249
0 22367
13783 15907
0 27659
0 4544
0 29998
869 29078
0 25111
0 8709
0 9582
0 4165
0 8663
0 9616
0 27303
3057 26825
0 29998
0 29998
0 29998
0 25776
0 16246
13370 16377
7869 21898
0 24169
6947 22776
0 29998
0 29998
0 29998
0 29622
5661 24153
0 7304
0 16363
0 29998
0 13873
0 16105
0 12390
0 29998
0 11162
0 29998
0 5523
0 3732
2464 27415
0 29998
0 29998
512 29429
0 14528
0 11945
0 29998
9213 20514
0 29998
12575 17153
0 24544
0 29998
0 29998
0 9426
7156 22540
0 4581
0 19586
0 29998
0 8370
0 29998
0 15344
6717 23051
0 29998
0 21899
0 14351
0 29998
0 29998
0 4077
0 3697
0 29998
0 29507
0 29998
0 29998
13254 16478
0 14604
2680 27216
0 4127
0 29998
10423 19276
5189 24619
5829 23976
0 7587
0 25114
4343 25412
10111 19577
0 8483
0 29998
0 19729
0 29998
6456 23318
14447 15300
0 29998
8189 21579
0 29998
0 29998
0 29619
0 29998
0 4683
0 29998
375 29566
0 24602
0 21329
0 1942
0 5594
0 20667
6530 23250
0 29998
0 29998
0 28233
0 27670
0 22365
0 12403
2522 27380
1762 28125
11593 18146
0 29998
0 6764
0 15313
0 27260
0 7380
0 29998
6657 23101
0 28257
0 29998
0 25582
0 29998
0 10540
0 26436
2954 26938
6173 23643
0 29998
3596 26215
0 4524
0 29998
6337 23430
0 29998
0 17377
0 16549
0 29998
0 29863
10423 19276
0 29998
7748 21988
0 4957
0 25971
0 27320
0 29998
0 9516
5553 24248
0 25080
0 29998
0 17708
0 11637
0 18085
0 23738
0 14848
0 21623
10667 19073
10163 19512
6335 23439
5536 24266
0 20549
0 29998
0 23883
5837 23966
0 24358
0 29998
8269 21489
0 29998
0 2057
0 29998
0 9359
0 22342
10874 18911
0 29998
0 21444
0 28741
3163 26706
7016 22695
0 13178
0 19119
0 29998
0 18086
0 25941
0 1990
0 14443
0 29998
0 29998
0 21623
10488 19227
0 29998
0 14389
0 2983
0 1120
0 6580
0 14793
0 18000
0 29998
0 23485
0 27149
0 21163
5306 24509
0 29649
0 11957
4800 24969
0 29998
5878 23935
0 28084
7850 21914
0 1554
0 6334
0 29998
10550 19169
0 29998
3006 26883
0 27352
11687 18062
0 7546
8095 21691
0 25481
0 23883
0 29998
6944 22780
0 7368
5767 24055
10917 18869
0 954
0 29998
0 29998
0 29998
10768 18994
0 28430
0 28912
0 29707
0 17108
0 29998
0 29998
0 4510
0 4588
10540 19181
0 2436
1107 28865
3151 26715
0 9086
0 27175
0 21857
0 24070
0 18419
5550 24257
0 29998
0 12511
2491 27399
157 29811
0 9634
191 29779
0 29998
0 24921
8102 21689
0 29998
4301 25463
0 14522
0 29998
0 9067
7786 21967
0 5188
0 12771
1909 27982
0 6564
0 24149
0 29998
0 25024
0 22742
0 21130
0 5619
2948 26950
0 24282
0 8358
0 29998
0 7074
0 29998
0 4035
0 29998
0 18729
0 10032
0 27349
0 29998
1123 28837
0 29998
0 29998
0 17185
0 5226
0 19668
0 10162
0 24043
0 29998
0 6737
0 24839
0 10972
0 29998
0 16657
0 29998
0 207
0 29998
0 29998
0 21332
0 17988
0 935
0 29998
196 29779
8019 21765
4006 25816
0 29998
0 16056
3537 26303
0 29998
0 29998
0 24050
13750 15955
0 4990
0 1633
0 2393
0 29998
0 19822
0 12525
0 29998
0 4502
6764 22982
0 29998
0 29998
4765 25015
0 8770
0 20889
0 17969
0 19169
0 17513
0 29998
11068 18682
0 29998
6184 23619
0 3080
0 26844
0 17127
0 29998
13900 15796
0 29998
0 29998
0 597
6748 23012
1184 28761
0 23256
0 18630
0 12501
7834 21928
0 14087
0 5384
0 20566
5708 24109
0 18032
0 21447
0 8025
2281 27612
3766 26056
0 29998
12154 17661
0 29998
0 29998
0 29998
0 29998
0 9193
0 25677
0 18802
0 29998
600 29353
7197 22489
0 29998
0 29998
0 22889
0 21703
0 1349
0 22691
0 28629
0 29998
0 9638
0 418
2404 27479
0 13778
6945 22778
0 2706
8025 21756
10321 19377
0 29998
10596 19128
11209 18547
0 20999
0 29998
13874 15825
0 11564
0 29998
12958 16763
0 14486
8434 21312
0 29998
0 18559
3695 26113
0 23619
0 29759
1329 28585
0 29998
13233 16497
0 12594
0 1691
0 29998
0 9444
0 24448
11734 18024
7554 22191
0 21772
813 29125
0 29998
12848 16872
3913 25892
0 26915
0 1806
0 5063
0 29998
0 29998
0 5556
0 29998
0 29998
5302 24513
0 29998
0 29998
0 7081
0 4250
0 5448
0 29998
0 21012
0 29998
0 29998
0 29998
0 13759
0 14061
13291 16444
0 18000
0 9396
2021 27869
59 29908
0 18829
0 27164
0 29998
0 25978
0 27400
0 29998
0 21194
6944 22780
0 18996
0 29998
0 12765
0 3067
0 29998
0 29998
0 29998
0 29998
0 11581
0 23643
0 29998
0 2114
0 29998
0 6641
13451 16276
10092 19594
0 1142
0 29998
729 29220
0 23077
7211 22469
0 4286
0 29998
621 29341
0 17239
1001 28949
2518 27383
0 2874
3222 26660
0 1625
2464 27424
0 4284
0 20475
0 179
13207 16529
0 8552
0 29998
0 26948
0 13035
0 29998
0 29998
0 5171
0 2152
0 27391
0 14389
201 29777
0 13660
0 19643
0 28831
0 9750
0 26640
0 29998
0 15680
3462 26396
2849 27038
0 29037
0 16577
0 29998
10822 18953
9353 20405
0 29998
0 29998
0 29998
12219 17559
0 4367
0 29998
2506 27387
0 29998
0 4735
0 13626
0 29998
7422 22250
6697 23062
7638 22072
0 21603
0 29998
0 28884
0 29998
0 363
0 23302
0 27605
7925 21850
9029 20666
0 12149
1058 28915
0 29998
0 29998
0 568
0 10855
0 10874
0 29998
1187 28761
2859 27018
0 29998
0 28209
0 27473
11593 18144
0 26125
4085 25745
0 21520
0 29998
0 24612
0 29998
0 29998
0 17908
0 15851
5161 24671
13384 16363
0 27497
0 20485
8661 21062
0 29998
0 9902
14208 15496
0 1440
0 29998
12830 16893
0 19394
0 22778
11959 17822
0 21366
0 29998
0 26080
0 16916
10294 19393
0 2522
0 14038
13341 16397
0 29998
0 10172
0 29998
737 29195
7074 22631
3133 26755
9473 20278
2446 27443
9711 20075
10436 19276
0 26874
11368 18352
0 27303
1873 28029
10738 19012
0 23027
0 29998
397 29526
0 29998
0 10249
321 29636
0 29998
0 7984
0 12542
4088 25736
14583 15130
0 5861
0 2874
0 27996
0 29998
0 3194
0 20168
13638 16072
0 11020
0 13886
0 10058
0 1416
0 29998
0 29998
0 28641
0 29998
0 16634
0 29998
12510 17236
1085 28890
0 29998
0 29998
7997 21788
0 24836
0 19485
14528 15214
0 29998
0 4455
0 18153
0 108
0 29998
5410 24414
13640 16068
0 17489
0 27511
0 29370
0 18855
0 16900
0 29998
0 29998
0 8996
0 29998
0 11752
0 11395
0 3815
0 29998
0 3456
9227 20498
0 5166
0 29998
0 4541
0 10031
1319 28590
0 11905
0 19814
0 20631
0 28502
0 3849
0 5375
0 29998
0 19585
0 29998
0 19306
0 7197
0 29891
8552 21194
11496 18240
0 8930
0 7185
5360 24470
0 29998
13046 16661
201 29777
0 10732
11178 18581
0 11199
0 9852
0 1955
6992 22731
13020 16682
0 7041
5863 23953
0 29998
14631 15065
0 11654
0 1580
0 29998
0 24043
0 2747
0 14878
0 29998
0 29575
0 10849
0 3285
0 14538
384 29560
0 20453
0 26125
0 3523
0 8143
3322 26581
0 7558
0 28371
0 1068
0 29998
6828 22928
0 6503
2068 27837
0 26394
3178 26696
12590 17127
0 29998
0 29998
0 29998
4334 25418
0 2293
0 22441
0 29998
0 26275
0 22189
0 29998
12254 17508
790 29157
0 27012
0 23022
10638 19088
0 8143
9894 19859
12590 17127
0 12510
0 25150
0 29998
2499 27392
0 1560
0 29998
0 18401
0 12500
3616 26202
0 1473
0 14568
0 5179
0 2902
0 29764
0 29998
0 9830
0 29998
2727 27158
0 21740
0 4171
0 25914
0 21128
560 29389
0 29998
0 28517
0 4136
3395 26483
0 3522
0 29998
12989 16724
0 26330
0 29998
0 13577
10245 19443
0 29998
5669 24149
0 833
13506 16209
0 24173
0 8723
0 16621
0 8127
10976 18818
0 29998
0 5704
0 29998
0 8390
0 29998
0 6559
9951 19783
7327 22354
0 21099
4482 25279
0 29998
0 12428
0 3285
3236 26651
4898 24888
0 12160
0 29998
0 8019
0 29998
0 27659
0 24356
0 29998
0 27863
10623 19115
0 44
0 29998
0 19115
0 1824
0 29998
11285 18437
6938 22780
7653 22058
0 18058
0 29320
2997 26903
0 29998
12772 16937
0 18726
0 29998
0 27402
0 29422
0 7644
0 15772
10678 19070
0 29998
0 27179
8412 21348
0 17505
13226 16504
0 29998
861 29078
0 29998
0 11061
0 19067
0 26937
733 29195
7599 22110
0 4110
0 29998
638 29336
11288 18435
0 16727
0 16634
0 29998
0 26975
0 13928
13910 15791
6250 23560
10352 19342
0 29998
0 28204
204 29766
9236 20485
0 22419
0 19790
3377 26501
0 27674
0 10214
0 22233
0 25494
9536 20259
0 4262
1144 28796
967 28967
0 16903
0 12154
3677 26123
0 23864
11899 17883
0 29998
0 29119
0 13910
9388 20376
0 19221
0 29998
0 29998
3541 26289
0 29862
0 29998
13114 16593
0 8774
0 29998
0 10354
0 390
0 23712
0 29998
0 26051
0 20896
0 29998
6462 23305
0 22631
13948 15760
0 18160
0 29998
0 3269
0 29998
0 15922
0 14223
9756 20015
0 29998
0 10280
0 8754
5806 24018
0 29510
0 13144
0 26670
0 32
0 10732
12524 17218
0 18058
0 6854
0 4010
0 3544
0 11047
0 29998
0 29998
0 17394
2817 27069
0 29998
0 29998
0 21446
14477 15264
0 29998
0 29998
0 212
0 29998
0 28921
0 4535
0 29998
0 2662
0 29998
6474 23301
0 27936
0 18062
0 29998
0 29998
0 22687
0 29998
0 6216
0 29998
0 29998
5189 24617
0 25218
10700 19050
0 22014
0 29998
10019 19668
0 5415
11288 18435
0 4452
0 7411
0 6789
0 8943
0 13942
5969 23857
7220 22463
0 26614
0 25709
0 29998
0 11191
0 29998
0 26791
1685 28214
0 22764
0 3346
4442 25317
0 29998
0 29998
0 29998
0 26166
0 5550
0 29498
14713 15014
0 1972
12553 17188
0 29998
0 21770
0 29998
8954 20730
0 28739
1562 28340
5776 24050
0 17334
14348 15388
0 20098
0 15794
0 23724
0 29998
0 17360
0 18478
0 4310
0 16423
0 29998
0 8900
0 2778
3343 26551
14043 15650
0 29998
5490 24306
0 3477
0 29998
0 3339
0 29998
9508 20266
0 26287
7425 22249
0 16595
0 29998
0 29998
0 11069
0 28107
0 29998
0 22490
0 5551
0 11452
0 14134
0 26217
1525 28387
10190 19473
0 17072
0 3922
0 29998
0 11289
0 29998
4753 25028
11599 18143
0 29998
0 7438
583 29373
0 19194
0 18331
0 29998
0 29998
14234 15474
7916 21850
3054 26834
5205 24613
0 11407
0 13180
0 20725
11934 17856
2292 27605
14351 15385
0 10291
0 29998
0 29998
0 29998
0 12087
0 14579
0 3847
0 29998
0 357
0 29998
6588 23166
0 29998
0 20815
0 20157
0 21130
0 29636
0 29998
0 16231
2415 27474
0 10212
0 13729
0 29998
0 13463
6477 23285
0 29998
0 221
10907 18888
0 16911
0 24278
0 8235
0 29998
0 21310
12592 17109
11414 18311
0 3345
0 10874
0 9990
0 29998
0 29988
0 9205
6437 23342
0 15601
0 5351
0 4535
0 29998
0 2737
0 29998
12533 17198
7226 22446
0 6980
9277 20481
0 25178
0 9348
0 27640
7268 22416
0 29998
2180 27728
0 29998
7379 22310
0 11467
0 7061
0 14026
0 18622
527 29422
10889 18894
0 29998
0 15117
0 20809
0 29998
0 29998
0 17889
0 28781
0 13585
382 29558
0 29998
0 14333
8196 21574
0 25996
0 29998
0 26431
4513 25254
0 16504
0 29998
0 29998
0 29998
0 9463
0 27459
0 703
11906 17882
0 13601
1603 28307
0 23720
0 29998
0 3454
5734 24073
0 29998
0 12832
0 29998
0 22641
0 29998
0 24415
0 29998
0 29998
0 6383
0 1143
14795 14939
0 12017
7011 22696
0 15889
0 23966
638 29336
0 29455
0 29998
0 29998
0 26369
0 29998
1270 28667
0 26141
0 29998
0 29998
3056 26826
0 29998
5406 24412
0 29051
1333 28567
0 15023
0 11412
0 61
0 29998
0 28761
2117 27789
0 29998
0 21689
0 10837
0 14585
0 29998
0 6310
0 29998
0 29998
0 6428
41 29939
5630 24169
7458 22225
6278 23516
0 15865
0 29998
0 29998
0 29998
0 29998
0 8709
5211 24603
0 3178
2302 27590
0 29998
0 3158
7788 21965
2123 27792
888 29055
0 29998
0 11072
0 29341
0 16753
0 9812
0 27598
0 6037
0 586
0 23533
0 14404
905 29011
0 6069
0 3587
0 22040
0 27981
0 5870
0 29998
0 17910
0 29998
0 11318
0 13179
0 22852
12547 17191
0 16747
2142 27778
0 25211
0 29944
0 29998
0 21205
0 19213
0 20277
0 29998
5207 24611
0 6741
0 11957
0 29998
0 8496
0 13749
10097 19585
0 9608
0 29998
0 19349
8501 21240
9756 20023
141 29842
9936 19811
0 29998
0 25961
0 12087
0 24795
0 24599
244 29735
0 7075
0 29998
0 28735
4008 25813
1706 28188
5611 24187
0 11068
0 26052
350 29605
0 14372
0 29792
0 9902
0 20290
0 15736
0 9451
8107 21675
10031 19655
0 9598
14827 14911
0 10619
0 29998
0 29998
0 11059
12581 17144
0 3784
0 29998
0 14786
12592 17119
0 22252
0 20530
0 16798
0 29998
0 11799
0 22865
0 18912
0 28946
0 29998
0 29292
0 20680
0 27362
0 11708
0 21648
0 15486
5920 23899
0 19639
5211 24599
9989 19740
0 10354
8539 21204
10831 18948
0 24684
2591 27315
0 12168
0 16959
0 29998
0 3294
0 29998
0 29998
0 26756
0 29155
0 29998
0 6781
0 13773
0 25234
0 1719
0 8932
0 28517
0 16884
0 5387
0 29998
0 12533
0 28955
0 29998
0 17483
0 721
0 19391
0 22701
0 29998
0 28380
0 29998
0 29998
10515 19202
0 13520
0 29998
0 20710
0 29998
1982 27916
0 29998
0 29998
0 5116
8420 21332
14731 15006
0 19463
0 2089
0 29998
8082 21709
0 25958
0 28556
0 662
0 9473
0 8662
11487 18247
10578 19149
0 29998
0 29741
0 9434
0 29998
0 29998
12839 16885
0 29998
9941 19814
0 29998
0 29998
5305 24504
0 5258
8381 21372
0 28362
3503 26342
6035 23772
0 29998
0 12718
0 29998
0 23517
11737 18014
0 22806
0 29998
8582 21133
835 29108
0 27940
0 4637
0 7794
0 16389
1432 28464
0 29998
0 13376
0 3971
0 8163
0 13464
0 8723
0 21914
12733 16996
0 29998
0 29998
0 14305
13437 16288
0 11196
0 9359
0 29998
0 2626
0 2624
0 29998
0 29998
0 28997
0 25582
0 4954
0 8643
0 18236
0 29998
2763 27114
3861 25939
0 19873
0 29998
0 29998
0 29998
2243 27644
0 23038
0 153
0 19103
0 29998
14580 15140
10099 19585
0 29998
0 11044
0 15292
3007 26889
10011 19667
0 29998
13395 16355
0 9595
0 29998
911 29024
0 29998
0 23385
0 9698
0 2226
0 29998
2502 27391
0 29998
0 20757
0 24449
0 8882
0 4581
0 29998
0 9900
0 19718
0 29998
0 20143
8107 21675
0 17031
3371 26512
0 24865
8717 20999
13098 16613
0 29998
13881 15822
0 25900
0 12524
0 29998
0 4039
0 19512
0 29998
0 29998
13883 15823
1726 28176
0 29998
0 12773
3384 26483
0 29353
0 18002
0 23234
0 13364
0 29998
0 25187
13058 16657
0 7368
0 1731
0 9229
0 11334
0 26772
0 15975
0 29998
0 24153
0 4957
0 29998
0 15667
0 29998
0 29998
0 6087
0 24111
4937 24843
0 2224
0 14490
0 29998
0 11185
0 15100
0 29998
0 17618
7319 22364
0 28413
0 12320
0 24078
12179 17609
0 29998
0 29998
0 29998
7996 21795
0 4089
0 29998
0 20990
8830 20878
11983 17800
0 29998
0 15829
0 9417
0 24273
0 14887
0 29998
0 28693
0 25018
0 9778
0 29998
0 23975
0 7304
0 25018
0 27472
0 29998
0 29998
0 29998
0 7948
13004 16702
0 23153
0 14461
651 29326
0 29998
0 15986
0 29998
1697 28209
9836 19931
0 29998
0 3421
0 15223
0 3708
0 10863
0 21967
8655 21069
0 2377
295 29681
0 20879
0 1371
0 21221
0 29998
0 24187
14287 15430
1755 28151
11621 18136
0 15390
6639 23123
0 651
0 29998
0 29998
0 11546
0 29998
0 12745
0 16923
2668 27222
11030 18752
0 1542
13130 16582
0 29998
0 15794
0 22977
3723 26080
2969 26929
0 17703
0 29998
6995 22725
0 28412
0 29998
0 3454
10404 19302
5181 24648
0 18639
0 16253
0 19121
0 9516
0 28137
0 22954
0 29998
0 12276
0 1861
0 23861
4431 25334
0 137
0 29395
0 3014
6318 23473
0 9942
1895 27996
0 25855
0 29998
0 29998
1740 28169
0 971
0 1464
0 26011
14757 14974
0 29998
0 29998
0 13778
0 29998
4524 25242
0 13837
0 29998
0 29998
1699 28207
0 20215
0 29998
0 6070
0 818
0 29998
10428 19276
11566 18175
231 29741
6731 23036
1150 28790
0 2154
0 7903
0 29998
0 21917
0 14839
0 29998
11343 18385
5223 24597
0 29998
3335 26570
2057 27847
0 14090
7336 22349
4795 24980
0 13361
6454 23326
0 10140
0 16439
0 24575
0 26051
0 29998
162 29797
0 1039
0 24016
0 27830
0 29998
0 7694
13322 16413
0 7627
6984 22746
0 13683
0 29998
9965 19764
0 29998
0 6011
6850 22894
0 20911
0 29998
0 29998
0 27885
0 23758
0 29998
0 27741
0 29998
807 29134
0 23953
6574 23207
0 24584
0 12837
0 1733
0 19124
0 22073
0 19293
9715 20064
0 23280
3183 26688
0 1266
0 29998
0 29998
0 29791
0 22988
0 13682
0 29998
0 5306
0 17432
0 29998
10613 19121
0 29998
5375 24447
6626 23139
0 29998
0 28340
11985 17803
0 3112
13682 16039
0 27535
0 29998
0 2301
1185 28762
0 29998
0 2565
6050 23750
0 25958
0 25158
6495 23280
0 12507
0 29998
0 23935
0 29998
0 29998
0 20803
12215 17564
0 19284
0 17506
0 29998
3964 25853
0 27622
0 21965
11218 18539
0 29998
0 29998
8199 21572
0 1116
0 17939
0 29998
0 4697
0 19667
0 29998
3525 26322
0 1350
0 17322
0 4190
0 6542
0 28443
0 7043
0 29998
0 10799
6743 23022
2274 27622
14470 15281
0 26486
0 16123
0 4293
0 15344
0 17521
0 15613
7307 22365
0 29998
0 17925
0 5932
0 29998
0 2542
10451 19261
14173 15534
0 600
14359 15372
0 10409
170 29804
0 6276
0 29998
0 16119
0 15804
10039 19642
0 29998
10429 19281
0 18835
0 14539
0 22977
0 29998
3866 25922
13494 16215
0 11870
0 29998
349 29619
0 2653
0 29998
5838 23973
4596 25175
11244 18500
0 15770
5906 23915
0 10930
0 29998
0 20142
0 12584
0 1097
826 29113
0 21240
5273 24541
0 8433
5619 24180
0 29998
11234 18509
0 28887
4724 25058
6567 23213
0 29998
0 18493
0 29998
0 20815
9193 20541
0 10682
0 29527
0 19282
0 29998
0 29998
4047 25775
0 14010
0 11956
0 3122
0 8795
0 7991
0 156
0 29998
0 29998
0 20266
0 4777
0 17941
0 302
0 17696
1286 28638
0 29998
0 24957
0 835
3720 26096
0 8172
0 14966
0 29998
0 1620
0 12901
943 28985
0 29998
0 29998
0 29998
0 23325
0 21801
0 16237
0 1435
0 29998
0 10511
0 22882
0 29998
0 29998
0 7224
0 15344
0 29998
0 27624
0 24725
1653 28249
0 14588
0 17786
0 25472
7213 22468
0 1325
0 669
0 29998
5362 24452
0 29998
0 12854
0 29998
0 29998
4180 25631
0 16545
0 29998
13941 15770
0 1389
0 29998
0 29998
0 13050
7184 22512
0 29998
0 29998
0 27056
0 3111
0 24472
0 29998
0 19342
0 9595
0 5817
0 29998
0 29998
0 29998
0 29998
11972 17806
0 29998
9757 20017
0 14527
0 17725
13568 16163
0 25720
0 1861
0 2317
10907 18888
0 841
2170 27751
0 3807
14738 14993
0 21801
0 156
0 29998
0 29998
0 5186
487 29455
1814 28074
0 6425
1274 28641
13043 16667
0 16671
0 29527
0 1143
0 21343
0 5499
0 29998
0 21924
0 29998
0 420
0 29864
8667 21045
0 3866
0 28164
0 17339
12266 17498
0 29998
0 4064
0 5180
0 15919
8065 21733
0 7933
0 4027
0 934
0 17504
0 1603
0 8847
0 29998
0 1085
0 3108
0 29998
0 28590
0 21327
1509 28394
4701 25083
12897 16822
0 27524
0 15950
0 12528
0 29998
0 13685
0 2302
0 18737
0 19059
0 13829
0 18737
0 26649
0 29998
0 11049
0 668
11558 18175
7859 21907
0 11795
8759 20953
11454 18276
0 24393
1340 28556
0 29998
3837 25962
0 29998
0 22653
0 3784
5669 24151
13067 16656
0 29998
12001 17786
0 19913
0 6921
0 29998
0 17611
12787 16921
0 29998
8789 20905
12715 17017
0 28233
0 7263
0 29998
0 29998
0 29998
0 29998
8378 21384
0 23148
0 29998
0 29998
0 15825
0 13916
0 10420
0 29998
14037 15665
0 29998
0 29998
0 29998
0 22586
0 429
0 2288
13384 16366
2125 27787
0 1806
0 4436
0 29241
0 9598
0 1116
0 29998
0 16729
3142 26738
0 25663
0 29718
0 29998
0 29998
0 10594
0 29998
13701 16010
0 2575
0 29998
0 6719
13731 15966
0 12856
0 29998
0 29998
0 29998
0 25853
0 29998
0 29998
1089 28887
0 29998
8463 21310
0 26577
0 19087
0 27963
0 29998
0 20210
6874 22849
0 8927
10204 19473
0 186
0 29998
10965 18835
0 25475
0 19344
0 8868
0 29998
0 29998
0 10972
0 28679
4008 25813
0 29998
12004 17782
3163 26706
9008 20683
2494 27397
0 28383
9706 20086
13311 16424
0 26774
0 29998
143 29839
0 8511
0 7877
0 25089
0 19839
7848 21917
0 3570
0 29998
8675 21045
0 10965
3451 26410
0 28671
0 29998
0 29998
11196 18559
0 8526
0 1079
0 10306
0 7535
0 2302
0 7022
0 3471
0 8325
1138 28824
0 12611
0 29998
0 24111
0 21119
0 29998
0 26146
0 29998
5742 24071
0 397
0 9687
0 14112
0 13384
0 12525
0 29998
0 3106
0 29003
0 8024
0 2764
0 22006
0 29998
0 29998
0 29998
0 29998
0 8319
0 29998
0 28739
13466 16240
13433 16280
1301 28616
0 12555
0 21665
0 17050
0 29998
0 5063
0 29998
0 29998
6208 23605
10700 19053
0 23144
0 29998
3887 25908
0 6050
0 7870
9965 19751
0 27001
905 29037
13921 15779
0 29998
10768 18990
2536 27358
0 7834
0 29998
12897 16822
0 29998
0 29998
0 2344
0 7576
13941 15763
0 25685
0 29998
0 29998
0 29560
0 25413
0 29998
0 29998
0 10293
0 24475
0 6009
0 27932
1761 28141
0 13731
0 4777
1693 28209
0 3783
0 11108
5179 24652
0 29998
0 29998
0 29998
0 29998
11796 17947
0 29998
0 23539
0 4879
0 96
0 16064
0 10020
0 19859
0 22815
0 29998
5556 24245
0 29998
8863 20825
0 26148
0 29998
0 29998
0 12609
6112 23702
5175 24652
0 20685
0 26703
0 8248
0 21689
0 6313
0 12550
13298 16440
0 23139
0 29998
0 13558
0 18000
0 29998
0 26772
0 14695
12929 16784
0 28590
0 19610
0 5626
0 20518
0 14803
14783 14951
0 29998
0 27780
3735 26062
0 29998
0 9548
0 29998
4517 25252
0 29998
0 29998
4288 25494
0 29998
0 29998
0 25275
0 24004
0 27007
0 15836
0 692
0 1055
0 18142
0 29998
0 29998
0 19300
0 27343
0 29998
0 1371
0 29998
8431 21332
0 29998
3364 26512
0 11564
0 29998
0 28403
2269 27623
0 29998
0 10249
0 11763
0 473
0 28102
8721 20985
0 8669
0 3149
9889 19866
0 16599
0 25633
0 26844
0 26100
0 29998
6296 23507
6417 23354
0 21924
0 20833
0 25622
0 24066
0 15763
5895 23915
0 15765
0 29998
0 7197
0 13836
0 3798
0 19694
0 20128
0 29998
0 29998
0 24222
0 22204
0 29998
6762 22988
0 2561
0 8521
11496 18240
11093 18657
0 26826
0 20835
6714 23056
7356 22328
6759 22988
8129 21634
0 29998
5423 24402
0 21235
0 11607
0 8509
0 12240
0 6594
0 29998
0 7335
0 29998
0 11162
0 9846
11465 18274
0 17955
0 1981
0 29998
9197 20535
0 29998
4071 25751
0 23051
14278 15437
0 9823
0 5049
0 10413
0 29998
3597 26214
5342 24493
7850 21914
0 18275
14622 15074
11035 18740
4618 25150
0 29998
0 3803
0 2833
0 10410
0 29998
0 14233
0 3437
0 3709
0 19790
0 29998
0 18907
13423 16308
0 6009
14010 15696
5558 24243
1300 28619
5663 24151
0 28954
6002 23841
0 29998
0 29998
2590 27321
0 2310
0 5001
0 29550
1228 28693
0 29998
599 29361
0 29998
0 10279
0 23273
10420 19289
0 1238
6315 23478
0 28516
12647 17075
8311 21458
0 12415
0 29998
0 19485
0 25686
0 13957
0 28915
0 3932
0 29998
0 29998
13604 16123
129 29852
10717 19045
11831 17933
0 24597
0 17839
14609 15096
0 21115
0 22586
0 29518
0 28394
0 954
0 29998
0 29998
0 29998
0 10036
0 12793
0 8828
0 29998
0 12893
0 3575
0 29998
12390 17377
0 7926
0 23089
0 29998
0 29998
0 22905
4284 25507
0 27648
0 2086
0 14793
0 29998
0 7422
0 2824
0 23250
0 29998
0 20987
0 302
8255 21483
0 17383
0 11645
2340 27568
0 29998
0 24794
0 29998
3890 25908
0 29998
13370 16377
0 29998
0 19609
0 28340
0 9236
0 24001
0 29998
0 29998
6559 23217
10913 18878
0 27433
452 29506
0 29998
1127 28837
0 29998
0 27107
0 29011
5246 24583
0 24704
0 5455
0 9609
0 14298
8371 21391
0 8354
0 5824
0 4276
0 14720
0 19894
0 18171
0 5415
0 29998
0 11915
0 19220
0 9526
4264 25520
0 27531
0 29998
0 18354
0 4343
0 29998
0 29998
0 29998
0 26875
0 15034
6196 23610
0 16577
0 29118
0 29998
0 24239
0 20199
10030 19656
0 8580
0 2778
3883 25915
4615 25153
3818 25975
5517 24278
0 14882
0 20824
668 29301
6759 22994
9421 20336
0 29998
0 7539
0 29998
0 23486
0 23612
0 29998
0 16059
0 29998
0 9295
8482 21271
13080 16637
0 3568
0 29998
0 23692
0 23607
0 21196
0 28899
0 19751
0 18354
14510 15226
0 28518
0 29998
0 29998
0 9870
13625 16084
0 993
0 3082
7625 22084
7859 21914
12856 16863
0 13101
0 1672
0 19281
0 19948
5495 24294
0 29998
5021 24787
0 28862
0 29998
0 5394
5434 24389
0 29998
0 29998
1987 27910
0 21589
0 29998
0 5887
0 14467
0 29998
12721 17010
0 24444
11884 17891
1549 28356
0 29998
1648 28257
1918 27970
3269 26614
9870 19896
0 27067
0 29998
0 4453
14673 15040
0 3830
1582 28315
0 29998
0 19202
0 29998
0 29998
0 1300
0 5467
12281 17480
0 26408
0 15974
0 25376
0 14803
0 11857
6753 22999
0 3922
0 29998
0 13173
0 29998
0 12279
8370 21390
0 8092
11010 18778
0 2735
0 6305
0 22583
0 29998
0 29118
0 13037
0 13742
0 14126
6286 23516
0 29998
0 8350
0 18829
0 29998
0 15470
146 29811
0 27050
0 30
0 22204
8476 21257
3485 26364
0 29998
7290 22383
0 26801
0 29998
0 9351
0 26506
4340 25407
0 6339
0 11220
0 22152
0 23449
0 12437
0 12353
9989 19740
0 29998
8867 20825
0 20712
7786 21967
14185 15516
0 21600
0 29998
0 29998
0 29998
0 29998
0 18220
0 6813
0 29998
0 1651
0 13298
9026 20674
0 29998
0 3302
0 29998
0 13420
11556 18188
0 29998
14079 15621
8486 21266
10386 19308
0 4027
742 29188
0 16845
0 16323
0 22267
6695 23065
0 1772
0 29998
0 6247
12382 17384
8320 21449
13368 16383
0 8260
0 6583
0 3922
3596 26215
275 29707
0 29998
14471 15287
0 29998
0 18331
0 29998
14074 15632
0 5393
0 3438
0 5422
0 21756
3282 26601
0 4052
0 29998
0 21579
0 9729
5395 24425
6871 22863
0 24707
0 20974
0 10713
0 6406
0 10717
0 29998
0 20817
0 29998
0 29998
0 29998
0 7087
0 1430
0 29998
798 29136
0 24256
0 17382
0 18790
1795 28102
0 16775
0 16064
0 29998
0 29998
0 29998
0 16183
12380 17387
0 29998
0 29998
0 24003
0 7755
2729 27155
5049 24757
0 29998
0 15249
14623 15079
0 25894
0 29998
0 25992
0 2114
4339 25412
0 17782
0 18430
12498 17281
1083 28887
0 26094
0 3302
11797 17945
0 2387
0 4722
2318 27569
12874 16846
0 29998
0 11230
0 9216
0 28677
0 27762
0 28516
0 29998
0 29998
0 26859
0 8770
0 29998
0 19741
0 29998
0 29998
7680 22047
0 29998
0 11372
0 12590
11253 18478
0 18666
0 24615
0 29998
0 20787
7064 22642
9508 20266
0 7561
0 17527
0 29998
0 2450
7969 21821
0 25096
0 15074
0 29998
0 7531
0 7535
0 5928
0 29998
0 21870
0 29998
0 25340
0 25494
0 27574
6184 23627
5448 24371
0 8855
0 29998
12938 16774
0 29998
0 2384
0 22695
0 5939
0 4924
0 29998
13508 16204
0 15081
12510 17240
0 28058
0 8948
7204 22474
10766 18998
10249 19440
10695 19059
8064 21734
0 21586
0 616
0 4625
0 17681
0 26512
0 29326
0 18765
0 19642
4549 25213
0 27880
12277 17481
499 29442
0 27140
0 15220
0 9664
0 29998
14341 15393
2542 27356
0 29998
14721 15007
0 29998
0 2146
0 29998
0 20113
0 27597
0 3954
0 19631
0 25368
13037 16671
0 3837
0 9469
0 29998
0 3282
0 16877
3351 26542
0 8403
0 26582
0 29998
7071 22640
0 11354
0 23649
0 24151
0 29998
0 16100
0 17699
0 18222
0 20405
0 20757
0 29998
7279 22408
0 24148
0 12301
0 11403
0 24965
0 29037
0 3648
0 9912
4879 24896
0 25503
5982 23853
0 6246
0 12287
0 17695
0 29998
0 1884
0 14658
656 29326
0 10099
0 29998
0 28018
0 11905
0 28211
0 3451
0 29077
0 29998
0 29998
0 29998
0 23421
0 3101
0 12839
1975 27930
0 29998
0 13577
2907 26990
0 5229
0 29998
0 12796
0 24405
0 17067
0 29998
0 1814
0 660
4180 25631
0 29998
9951 19790
0 1849
0 27768
8922 20784
0 357
0 29998
0 29998
14856 14896
368 29580
0 14535
0 20267
0 10719
0 11285
0 18859
0 29998
10311 19388
0 29998
1625 28273
0 29998
0 16691
0 29100
0 29998
0 14135
955 28981
0 29998
0 29998
12880 16846
0 502
0 5954
5619 24180
0 29998
0 19772
0 29998
3208 26664
0 29998
12610 17088
0 5165
0 29998
0 29998
0 1691
0 29998
0 15702
7725 22006
0 29998
0 29998
0 27654
0 24754
0 29998
0 19047
0 17059
0 27659
1942 27958
0 26638
0 3771
0 7046
0 20361
13683 16037
0 29998
0 29998
0 18778
11695 18061
9436 20333
0 27514
8754 20953
0 29998
0 9361
3183 26688
0 27289
7918 21852
0 29998
0 29998
0 23864
0 29435
0 20317
0 18136
0 5893
2450 27440
7859 21914
0 11702
0 23527
0 29998
0 29998
0 20535
0 29998
0 24463
0 29998
1349 28552
0 5344
7981 21813
0 29998
0 4553
6731 23036
3568 26269
9714 20065
0 29998
0 2764
7213 22459
9850 19919
0 29998
0 9870
0 10723
0 5661
0 12738
0 28410
0 29998
0 15388
3217 26663
0 18694
0 23128
0 23683
0 17554
5276 24530
10135 19568
429 29518
0 29998
0 9383
0 1430
0 7483
0 19366
1480 28424
0 29998
7755 21979
0 29998
3708 26098
5689 24127
0 29998
0 29998
0 3078
0 21086
0 3795
4264 25520
1892 28005
0 7412
0 4051
0 23915
0 8867
13953 15756
3686 26113
0 17285
0 4592
13109 16604
7874 21873
0 8931
0 29998
0 10700
0 29998
0 29998
2688 27207
0 19221
2243 27644
0 6088
0 15739
0 20434
0 24823
0 29998
0 24217
10776 18993
0 24732
0 29998
0 29998
0 29998
0 17452
0 4633
0 964
11263 18458
0 10076
0 12057
0 24463
0 13577
0 29998
13020 16679
0 7979
0 29998
0 26066
0 9706
0 29998
0 4414
3187 26678
0 18718
0 29998
0 19377
13640 16068
0 1773
0 29998
0 28739
0 20952
1011 28943
0 21106
0 29998
0 16793
0 21461
0 26247
0 29998
0 29998
13601 16125
0 29295
0 2184
4284 25507
0 354
0 17985
14419 15313
0 14751
0 29998
0 14087
0 21256
7018 22691
0 29998
9357 20384
0 29998
0 6963
0 25280
0 29998
0 13148
0 20812
14377 15362
9421 20344
0 27337
2142 27778
10174 19500
14673 15040
3242 26644
11781 17978
0 10762
0 26741
0 29998
0 29998
6244 23560
0 26061
0 29998
0 29998
0 3014
0 16598
0 28899
0 29913
6880 22829
0 15718
0 29998
1647 28251
0 15393
0 10399
0 29998
0 29998
1687 28217
0 29998
0 29998
0 11476
10351 19344
0 9302
13968 15737
0 5845
8580 21153
0 1518
0 29998
0 27622
0 29998
11799 17935
0 17978
0 2384
14783 14951
11481 18247
0 24787
0 29998
0 14881
7331 22352
0 1520
0 29998
0 17190
0 29998
13856 15849
259 29723
0 15925
0 568
0 5630
8015 21773
0 29998
0 21310
0 27346
9664 20128
0 7906
0 14857
0 29998
10613 19118
0 11067
0 3541
0 7918
0 20815
0 29998
0 20903
8209 21562
3262 26615
0 12368
0 16923
0 21742
0 9559
0 26469
0 13913
0 29998
9528 20261
5380 24447
12233 17539
0 86
12510 17236
0 29998
0 9020
0 29998
8247 21525
2662 27234
0 14162
0 4795
0 29998
8987 20700
4578 25204
0 25413
0 29998
0 2491
0 12168
9714 20065
0 19220
0 23117
0 25772
0 29998
0 24220
5175 24655
0 29998
0 12304
0 18974
0 14915
0 29998
7460 22224
0 29998
0 29998
0 29998
8354 21403
0 17128
2079 27836
0 21699
0 28985
0 24013
8683 21036
0 15297
0 11253
0 6269
0 1339
12723 17008
0 487
0 29998
0 23911
0 24481
0 29998
0 2561
0 29998
0 29998
0 29998
0 29998
1388 28509
0 29998
0 10172
0 29998
0 17195
14568 15153
7438 22236
0 29998
0 29998
7222 22446
0 11421
0 22463
0 15591
0 29998
0 19421
5358 24476
0 27356
0 4452
0 29998
0 3784
0 1399
0 22629
0 29998
0 17956
9929 19822
14527 15213
0 6551
0 29998
0 29998
0 7726
0 29998
10031 19647
0 9213
0 7229
0 24088
0 29998
0 20092
0 11691
0 29119
13043 16664
6320 23461
0 29998
0 29998
0 29998
0 23486
0 13364
0 10410
7985 21804
0 11035
0 10380
0 29998
0 19315
9006 20685
0 13582
0 28
0 9900
0 29998
0 29998
0 17925
0 25890
0 7296
0 18859
0 17875
0 29998
0 29998
0 23397
0 12967
6462 23318
0 29998
0 29998
7102 22596
0 29707
0 19308
0 29998
0 28121
0 29998
0 24274
0 29998
0 29998
0 27044
0 21200
0 29998
0 29998
0 14527
0 29998
0 18928
0 8305
0 29998
12215 17564
0 29998
10767 18996
6858 22889
0 29998
0 23677
7367 22326
0 29998
0 5410
10624 19112
5882 23932
0 7850
0 19825
7409 22260
0 29159
0 15856
11832 17927
0 16120
0 10066
0 24001
0 21256
0 29998
1719 28176
13283 16444
3771 26051
0 1744
0 29998
1177 28764
0 29998
0 29998
0 5624
0 17451
0 28795
0 28874
0 18143
0 29998
0 17483
0 894
0 14419
0 29998
0 27326
8457 21301
0 29998
0 29850
5802 24022
0 11077
0 9370
0 18861
3526 26320
0 10917
12830 16893
0 14210
0 28052
0 26438
13629 16078
0 29998
0 29998
3976 25851
0 29998
0 28319
12327 17438
0 29998
0 12835
0 6847
0 9548
0 29998
0 12142
0 10097
0 3222
13717 15985
0 16215
0 12367
7998 21784
7016 22695
0 22994
10672 19074
1473 28428
0 29998
0 26256
0 3057
0 29998
0 29998
1274 28641
75 29889
10189 19485
11421 18303
10185 19491
0 2
0 20800
4813 24938
2087 27827
0 22988
0 22226
0 29998
0 29998
0 121
0 9213
0 13635
1672 28232
0 29998
0 18032
3516 26325
0 29998
0 212
0 5974
0 29998
0 27113
13046 16666
0 5310
2262 27635
0 17320
0 15772
0 20026
13717 15985
12859 16853
0 29998
0 29998
0 29291
0 29998
2313 27581
0 24965
0 29998
0 29998
0 29998
0 29998
0 29998
1172 28763
0 21544
0 5553
0 29998
3879 25919
0 29998
10540 19194
1745 28164
5806 24018
0 29998
0 16413
0 29998
0 662
5676 24148
0 20620
0 29998
0 29998
0 11578
0 28562
0 6729
0 27010
11899 17889
0 19087
0 27863
0 3971
0 8978
0 29998
5876 23942
0 24964
6446 23335
0 29998
8154 21620
0 29998
0 28471
0 29998
0 29998
0 20629
9302 20449
0 9079
0 7997
0 7141
10519 19202
0 5464
0 26639
0 7351
0 19377
8091 21708
0 29998
0 29998
0 13883
0 12461
0 29998
10984 18790
0 29998
0 1196
1110 28861
0 3343
0 19698
11754 18001
0 29998
0 24684
0 7848
0 25125
0 25635
0 29998
0 4293
0 29998
0 29998
5495 24299
0 29998
14650 15065
0 17063
0 29998
0 23985
11109 18646
13968 15737
0 2699
3038 26854
0 29998
0 29998
0 29998
8317 21458
8163 21598
0 29998
0 4922
0 17956
0 29998
0 6561
0 11332
1824 28068
0 14755
0 13114
11364 18357
0 29998
10260 19421
0 25845
0 998
0 13346
0 14538
0 10791
9054 20654
0 26211
0 10811
0 29998
0 29998
0 21153
0 6782
0 9647
10629 19110
14793 14936
0 29998
0 29998
0 29998
0 19857
0 6627
0 8004
0 29998
2473 27414
0 6781
12412 17331
0 26834
0 29998
0 14539
8219 21559
0 12987
0 29998
0 735
0 17024
5485 24310
0 13593
0 22408
5205 24611
4180 25631
0 29998
0 29998
0 29998
0 29998
4813 24935
0 3046
13979 15735
0 29998
0 29998
6760 22990
0 29998
3695 26113
0 29998
0 1325
0 19740
0 18790
0 29998
0 29998
0 12808
0 305
0 3488
2488 27401
0 13043
14644 15067
0 27355
0 22948
3554 26280
0 954
0 21897
0 26065
0 7806
0 8945
9861 19906
4889 24887
0 29998
0 29998
11915 17872
0 25772
0 29395
0 29998
0 28658
0 25448
12737 16992
0 2948
0 29998
0 634
0 24877
4950 24829
0 29998
0 13452
0 29998
0 29998
4695 25088
0 8759
0 18005
0 2565
0 29998
0 21402
0 16478
8613 21109
0 20356
11184 18567
3633 26163
0 26529
0 15958
0 16101
0 25813
8625 21095
0 14175
0 29696
0 29998
0 25448
11465 18263
0 16366
0 29998
3183 26688
0 29998
0 29998
0 21153
0 29998
11066 18690
0 19473
0 29998
10078 19610
4570 25210
13986 15723
0 28499
8998 20698
0 21357
0 29998
5749 24066
0 15608
638 29336
0 29998
0 29998
0 29441
0 14084
0 4282
0 20498
13635 16078
14535 15197
0 23770
0 26614
8486 21266
0 29998
0 2893
0 10288
0 21414
0 29998
0 9244
0 26649
0 13222
0 29998
0 9211
0 12494
0 22573
0 8289
13885 15822
0 21352
0 11047
12630 17088
7148 22558
0 21468
3444 26414
0 29998
0 12998
869 29073
0 29998
0 1484
0 29998
1672 28232
0 18878
0 3103
0 3628
3731 26080
0 28405
0 14314
0 2117
13439 16285
0 29998
0 29998
0 29998
0 3392
0 4721
0 1260
0 10420
0 12665
0 7220
0 28589
0 18842
0 18130
0 24499
0 18035
11131 18620
0 29937
0 29998
0 7046
12438 17319
0 16919
0 28179
10802 18967
3569 26262
0 12837
0 2868
13345 16391
0 2825
3180 26680
0 10488
10711 19050
0 22696
8516 21227
0 12910
0 25544
0 24725
0 21210
0 21371
0 22218
0 29998
0 6781
0 29998
0 2476
0 29998
0 26249
0 18733
0 22583
0 29998
0 29998
0 5617
0 29998
0 19256
0 17732
0 23104
0 196
0 29998
0 11772
0 29998
0 29998
0 9054
0 221
11564 18183
0 12136
14803 14930
0 29998
4974 24806
0 29998
0 28849
0 7685
0 4365
0 29998
0 19817
0 18333
11627 18134
3129 26756
0 578
0 15297
0 29998
0 29998
9307 20444
